[1039, 407, 2297, 78, 2096]
[1740, 1850, 876, 66, 498]
[1586, 1417, 1262, 643, 906]
[821, 783, 961, 101, 918]
[2277, 2108, 151, 622, 1324]
[307, 2258, 1370, 726, 1263]
[251, 2011, 107, 1188, 2667]
[2242, 414, 1868, 1765, 92]
[2599, 76, 1335, 944, 1603]
[2284, 56, 1102, 2226, 1284]
[944, 1335, 2393, 642, 2159]
[2072, 1560, 837, 599, 854]
[2084, 2260, 2571, 2664, 2546]
[2653, 2420, 1859, 2096, 2571]
[1371, 1211, 2468, 87, 1500]
[374, 1950, 2557, 2401, 168]
[1421, 2045, 2355, 917, 376]
[892, 1207, 1285, 2346, 2628]
[1436, 1304, 1056, 408, 2298]
[2587, 568, 19, 1950, 583]
[1919, 1745, 172, 2277, 997]
[1369, 912, 225, 669, 177]
[2203, 67, 165, 865, 2104]
[2677, 1139, 2456, 2147, 683]
[632, 149, 937, 2433, 1884]
[1159, 2029, 999, 2379, 423]
[1839, 2516, 132, 762, 1716]
[2667, 2086, 1855, 1166, 1321]
[1436, 933, 1304, 999, 622]
[692, 2016, 1402, 2576, 510]
[473, 605, 1714, 906, 1262]
[258, 1710, 733, 1641, 1272]
[1416, 1631, 2002, 645, 760]
[1598, 2536, 705, 2097, 853]
[2409, 1287, 1560, 837, 2483]
[607, 1932, 1252, 1269, 2200]
[1957, 2094, 2465, 2624, 28]
[882, 1549, 2239, 684, 2682]
[1626, 728, 156, 1058, 2495]
[865, 1079, 20, 2219, 2073]
[2120, 2529, 1287, 1473, 220]
[1614, 518, 70, 911, 1239]
[1844, 1330, 2385, 2064, 1468]
[2038, 1852, 1740, 1163, 2250]
[420, 2619, 1796, 1762, 101]
[1759, 267, 270, 2160, 862]
[2227, 461, 1709, 2682, 2622]
[1768, 1671, 1440, 1868, 420]
[2439, 1130, 1346, 481, 152]
[760, 480, 1929, 456, 400]
[2300, 936, 2616, 1038, 921]
[2398, 123, 1193, 2055, 98]
[2148, 1002, 487, 2603, 1084]
[609, 2341, 2649, 933, 742]
[1566, 2536, 1051, 1288, 622]
[581, 192, 1242, 836, 858]
[165, 2221, 2219, 71, 1079]
[64, 245, 1054, 2443, 1473]
[1606, 1155, 2665, 2340, 2468]
[2533, 2232, 2665, 1357, 1321]
[381, 1652, 864, 1855, 588]
[2684, 572, 2669, 2405, 2307]
[1955, 2476, 1261, 923, 2606]
[282, 2593, 954, 646, 1802]
[2362, 248, 2359, 1534, 2590]
[2432, 1500, 43, 2169, 511]
[2373, 1687, 767, 520, 235]
[764, 495, 474, 1132, 887]
[422, 2273, 793, 123, 281]
[1588, 2389, 7, 2235, 2146]
[486, 436, 630, 927, 102]
[1741, 1507, 882, 2244, 9]
[95, 2355, 2087, 69, 1603]
[1911, 510, 347, 1113, 450]
[1855, 1331, 2525, 251, 2045]
[2023, 718, 1535, 1530, 1885]
[1552, 18, 1436, 1077, 2621]
[116, 1456, 256, 1131, 2045]
[2372, 2366, 2137, 2457, 1775]
[220, 2120, 2446, 2529, 2216]
[1782, 1667, 1650, 560, 1788]
[2220, 2436, 55, 1745, 1741]
[2499, 2314, 2465, 424, 243]
[1339, 1349, 2603, 2468, 875]
[2555, 2689, 510, 1520, 2103]
[693, 2086, 2053, 1966, 2015]
[2493, 1784, 935, 1416, 543]
[969, 104, 73, 440, 251]
[2223, 535, 117, 2078, 2514]
[1638, 1468, 1765, 1448, 2385]
[2573, 1837, 407, 240, 2096]
[875, 1084, 1382, 512, 423]
[2006, 2349, 2043, 808, 1781]
[1037, 762, 1573, 2516, 221]
[1243, 1579, 783, 777, 42]
[852, 1720, 2357, 1746, 2413]
[1045, 1311, 18, 1552, 271]
[399, 2671, 791, 1814, 2260]
[1463, 1129, 508, 428, 2431]
[1303, 1934, 683, 129, 1065]
[114, 2566, 2291, 414, 860]
[1966, 258, 967, 2667, 1710]
[2326, 1274, 2496, 1005, 1737]
[1067, 281, 1747, 683, 2056]
[2295, 2604, 1201, 1424, 1626]
[110, 20, 713, 2219, 2295]
[1182, 2375, 1101, 2345, 1897]
[1247, 2392, 2281, 2572, 1909]
[667, 2325, 1787, 1148, 249]
[158, 1201, 308, 1959, 924]
[2587, 1768, 145, 1074, 930]
[629, 2622, 140, 1532, 286]
[1880, 877, 1106, 1591, 2052]
[1617, 1263, 2261, 430, 1286]
[773, 612, 1199, 851, 2577]
[2257, 101, 702, 583, 1638]
[2537, 106, 2554, 1771, 467]
[207, 1600, 1781, 1516, 253]
[2019, 1909, 499, 2269, 1629]
[178, 688, 2465, 2142, 1686]
[1776, 730, 2085, 2225, 71]
[350, 1812, 281, 2571, 2084]
[1863, 452, 1138, 1562, 2048]
[725, 1972, 282, 1649, 270]
[280, 2092, 2414, 1725, 1812]
[1422, 1507, 233, 1041, 72]
[2425, 1815, 1349, 25, 487]
[1377, 1624, 1057, 414, 3]
[1855, 42, 104, 1606, 1321]
[623, 2516, 903, 1531, 1331]
[1702, 812, 1120, 1207, 1629]
[2387, 1564, 2015, 1966, 341]
[225, 1652, 1046, 2579, 1868]
[1278, 1354, 2158, 380, 1827]
[724, 663, 976, 628, 2031]
[1781, 2009, 1954, 159, 623]
[2449, 2031, 790, 884, 1539]
[1848, 2652, 66, 1662, 21]
[450, 1498, 2585, 80, 2462]
[1852, 2133, 2038, 1163, 911]
[1293, 487, 2603, 423, 999]
[1120, 1816, 755, 1286, 2621]
[896, 315, 2626, 2498, 1088]
[284, 2204, 1561, 1854, 1758]
[221, 2450, 132, 2516, 2293]
[1273, 195, 919, 568, 1909]
[1067, 1331, 1812, 511, 1505]
[2038, 2585, 790, 1532, 286]
[2682, 813, 2239, 2524, 445]
[2208, 2558, 773, 2079, 123]
[2147, 2589, 1779, 683, 1299]
[1119, 499, 2444, 2618, 1798]
[790, 165, 2093, 1342, 1222]
[1897, 1415, 2345, 2479, 1870]
[70, 1977, 2090, 2343, 1740]
[530, 270, 176, 507, 2036]
[2379, 999, 2234, 2640, 2029]
[496, 1917, 416, 1298, 1338]
[2019, 1909, 160, 1629, 1796]
[672, 2059, 2245, 510, 197]
[2602, 654, 930, 2428, 178]
[2083, 2186, 1314, 1351, 2611]
[1347, 537, 583, 133, 1822]
[1126, 2067, 1958, 2221, 1677]
[2499, 2379, 541, 1757, 423]
[875, 2603, 423, 2148, 1493]
[1996, 1642, 1733, 940, 2606]
[1427, 1426, 2220, 2597, 1269]
[2053, 1294, 693, 2015, 1564]
[1560, 837, 1745, 416, 2301]
[1854, 291, 1292, 2631, 979]
[1778, 1170, 2414, 2092, 10]
[2051, 1576, 1575, 499, 1796]
[1193, 2016, 1814, 1059, 2259]
[956, 560, 973, 1788, 1604]
[1698, 101, 2543, 860, 1259]
[638, 918, 1781, 1256, 188]
[1323, 530, 567, 2277, 518]
[2076, 584, 2277, 2571, 1812]
[1274, 1255, 379, 934, 824]
[622, 1288, 2307, 957, 1106]
[873, 959, 944, 1335, 73]
[2555, 273, 1618, 798, 313]
[249, 2471, 1419, 607, 1929]
[2528, 1663, 2141, 607, 1326]
[1710, 1272, 258, 1966, 1855]
[2165, 1803, 190, 449, 1147]
[443, 2047, 1422, 1186, 2378]
[273, 2555, 1618, 798, 766]
[512, 1084, 875, 2402, 2148]
[977, 849, 851, 1576, 2053]
[2372, 1775, 1436, 2457, 1844]
[1575, 660, 2654, 1327, 2012]
[2669, 1745, 562, 2388, 1090]
[1111, 1057, 2234, 1273, 1799]
[357, 1888, 330, 2226, 911]
[302, 1312, 1862, 151, 2164]
[566, 2652, 2506, 1533, 1868]
[270, 2597, 2636, 1427, 422]
[704, 190, 1925, 681, 651]
[648, 332, 1070, 1126, 903]
[282, 2593, 954, 646, 1802]
[2096, 2491, 407, 1811, 2054]
[911, 356, 87, 248, 2257]
[1068, 1571, 90, 1770, 1950]
[1799, 2427, 2304, 1907, 2323]
[1569, 1277, 177, 1626, 984]
[162, 187, 1583, 2544, 847]
[1943, 696, 969, 605, 2263]
[1602, 1325, 1123, 1329, 1470]
[400, 1398, 1316, 1138, 200]
[1, 972, 1098, 562, 1812]
[2275, 2294, 858, 4, 2055]
[2095, 2556, 2185, 1911, 741]
[2228, 2014, 1599, 266, 803]
[18, 1552, 271, 1938, 1903]
[1120, 1649, 961, 1676, 1617]
[307, 2258, 726, 985, 1613]
[2075, 43, 1685, 64, 2249]
[1403, 926, 971, 321, 893]
[370, 2310, 588, 1455, 453]
[2317, 2341, 2259, 213, 998]
[2096, 1326, 2606, 2585, 942]
[1794, 427, 133, 1762, 2619]
[1471, 1078, 2378, 1963, 981]
[1794, 2654, 133, 1822, 1426]
[434, 886, 1798, 1369, 605]
[101, 1925, 668, 1527, 1557]
[2372, 2517, 423, 1998, 1483]
[193, 387, 2456, 1926, 530]
[1798, 1539, 1369, 605, 225]
[2340, 2000, 1204, 1844, 1515]
[968, 276, 456, 2628, 1543]
[220, 2447, 1139, 1954, 200]
[1273, 195, 568, 1526, 919]
[43, 1362, 1193, 669, 1412]
[2262, 1907, 856, 575, 1994]
[828, 2002, 645, 2248, 1631]
[1231, 849, 977, 381, 1314]
[1273, 1763, 87, 2562, 1255]
[2558, 1852, 2208, 2023, 2577]
[793, 2021, 1304, 1424, 2218]
[1312, 2254, 2164, 2114, 302]
[441, 2511, 908, 1674, 1282]
[1129, 2252, 2078, 1716, 546]
[1903, 2457, 129, 1431, 1436]
[1084, 1349, 1913, 2116, 1700]
[1958, 533, 404, 407, 1964]
[766, 1241, 1251, 978, 2519]
[518, 279, 2501, 2669, 543]
[1446, 1316, 39, 755, 622]
[1288, 2191, 1261, 698, 622]
[1102, 56, 2226, 2284, 1601]
[2633, 2576, 1370, 2373, 918]
[2609, 99, 310, 2295, 1931]
[1273, 22, 1141, 945, 186]
[2142, 281, 350, 270, 2504]
[2536, 1566, 1832, 2094, 1051]
[414, 37, 2563, 181, 451]
[1566, 317, 2122, 367, 622]
[2405, 1388, 2354, 1844, 1987]
[2025, 211, 418, 2069, 866]
[1435, 463, 2062, 1102, 1819]
[1333, 2320, 2370, 731, 2688]
[462, 1768, 420, 168, 163]
[624, 1286, 1375, 1106, 2545]
[1934, 2512, 1362, 451, 2669]
[1497, 362, 1213, 989, 746]
[2145, 2320, 1422, 1272, 2506]
[421, 2556, 823, 864, 1920]
[1174, 963, 2625, 224, 1918]
[1273, 288, 1541, 1920, 195]
[707, 1083, 89, 408, 1909]
[423, 1913, 176, 999, 1841]
[2202, 1629, 1587, 2442, 1207]
[87, 2086, 1618, 1334, 99]
[1855, 1423, 1321, 2389, 498]
[1170, 456, 1774, 276, 2003]
[449, 2252, 1071, 628, 851]
[2160, 1685, 1057, 1351, 6]
[2462, 2407, 1909, 1251, 1629]
[2262, 974, 1271, 2091, 2363]
[2540, 2250, 2317, 2178, 3]
[715, 1603, 2087, 182, 428]
[1139, 1141, 2525, 2018, 1851]
[1645, 2604, 1120, 2536, 2127]
[2581, 1105, 527, 1345, 2486]
[1294, 2053, 1564, 2015, 693]
[1122, 32, 2075, 1385, 2611]
[876, 2340, 414, 793, 1120]
[72, 1826, 1520, 1758, 967]
[509, 968, 215, 276, 513]
[119, 581, 459, 2239, 810]
[1765, 918, 1448, 1256, 623]
[2418, 1626, 2495, 1467, 367]
[710, 1985, 2604, 880, 160]
[451, 969, 1458, 978, 2597]
[1050, 2496, 2152, 2326, 1925]
[1936, 934, 418, 1760, 1274]
