[1786, 2038, 2438, 2008, 2224]
[602, 1512, 2205, 1061, 355]
[2467, 374, 1219, 926, 1536]
[468, 106, 1271, 2526, 1980]
[117, 25, 316, 2485, 896]
[1668, 2424, 1886, 1712, 1193]
[234, 340, 2020, 2211, 154]
[1745, 580, 1730, 1073, 2471]
[267, 207, 808, 2140, 1341]
[594, 1781, 1365, 1851, 2360]
[1620, 1801, 1905, 1974, 1061]
[273, 430, 1178, 253, 1984]
[806, 1083, 1705, 2490, 2198]
[640, 114, 2312, 430, 1024]
[2396, 364, 1181, 414, 2575]
[777, 499, 13, 2644, 1967]
[2234, 1272, 1425, 1244, 618]
[1087, 1516, 2430, 2280, 461]
[2056, 24, 76, 554, 591]
[975, 1802, 255, 721, 2388]
[518, 2, 1099, 998, 1000]
[976, 659, 2608, 2251, 2285]
[1052, 751, 604, 1930, 1777]
[1761, 898, 674, 1691, 2679]
[278, 1205, 2467, 1110, 31]
[1309, 707, 2467, 31, 1219]
[289, 33, 625, 675, 2588]
[1968, 26, 239, 2590, 1175]
[1219, 2467, 1771, 1710, 926]
[1019, 2138, 671, 1041, 1640]
[2221, 1341, 2645, 2069, 2011]
[1099, 998, 2304, 2372, 2044]
[750, 1986, 535, 398, 1874]
[1701, 1939, 1471, 575, 21]
[557, 875, 77, 422, 372]
[2166, 811, 2057, 750, 1345]
[1557, 2127, 834, 1590, 1908]
[273, 709, 1763, 1818, 819]
[1995, 2560, 2193, 2355, 2252]
[1577, 690, 674, 898, 2443]
[1748, 799, 1285, 945, 1886]
[1206, 156, 2591, 1367, 1024]
[2341, 2361, 2452, 2192, 650]
[2651, 1825, 1522, 1170, 2469]
[683, 2424, 1668, 896, 2411]
[231, 2316, 2502, 244, 2479]
[1826, 489, 2375, 442, 2390]
[1401, 2648, 2634, 793, 2659]
[1548, 2574, 777, 13, 1454]
[2412, 1074, 248, 1432, 1443]
[79, 444, 160, 335, 1879]
[1417, 1339, 1721, 2487, 872]
[2190, 1687, 1315, 1319, 2347]
[1999, 1937, 132, 58, 777]
[2540, 413, 1872, 1905, 1226]
[492, 324, 2220, 1065, 1011]
[2677, 1018, 1524, 501, 321]
[1854, 1581, 2437, 353, 782]
[953, 525, 1232, 2184, 898]
[815, 136, 2636, 1218, 2452]
[2444, 2083, 296, 684, 2137]
[1341, 2281, 2151, 929, 2460]
[515, 888, 2411, 80, 758]
[1439, 547, 1179, 1121, 2452]
[1127, 1979, 2679, 2212, 668]
[581, 734, 2682, 2495, 239]
[1981, 1139, 2485, 558, 1666]
[65, 504, 2251, 2091, 866]
[1157, 1625, 2499, 1652, 601]
[1970, 1226, 568, 1711, 2155]
[2387, 2221, 1341, 501, 336]
[434, 1250, 1176, 2349, 2595]
[2537, 740, 1192, 1048, 124]
[525, 1232, 529, 1556, 1966]
[2286, 2602, 561, 1293, 2120]
[2261, 1867, 540, 1306, 167]
[2282, 2114, 541, 106, 2439]
[434, 1653, 235, 286, 2595]
[1484, 1896, 2624, 120, 996]
[1866, 718, 2679, 512, 2023]
[2631, 2225, 1017, 271, 1343]
[1060, 547, 904, 440, 1121]
[743, 709, 418, 1426, 919]
[2677, 1226, 1018, 1032, 2290]
[1978, 2068, 1226, 104, 2471]
[1297, 2524, 2538, 1806, 1339]
[25, 541, 2236, 1581, 1674]
[1646, 143, 1631, 1360, 2557]
[117, 2596, 357, 645, 1271]
[981, 770, 500, 2214, 591]
[2130, 1235, 2409, 1931, 1747]
[1529, 2200, 1083, 2044, 945]
[2548, 908, 2120, 577, 2577]
[761, 127, 2527, 336, 1976]
[538, 293, 1400, 1463, 1499]
[312, 636, 1226, 262, 2017]
[1170, 888, 537, 570, 57]
[2347, 945, 2444, 829, 1853]
[2559, 602, 1645, 2111, 2322]
[1286, 2200, 2169, 291, 866]
[1377, 292, 820, 1042, 886]
[1554, 1420, 2487, 872, 1640]
[529, 1556, 1966, 1790, 253]
[2449, 1646, 2498, 943, 610]
[1560, 2111, 1406, 350, 678]
[1515, 1471, 1937, 1040, 132]
[289, 2128, 2577, 453, 608]
[271, 1045, 1434, 2303, 900]
[2536, 1216, 2140, 213, 2421]
[1444, 603, 323, 2014, 1761]
[2487, 872, 558, 665, 581]
[2573, 781, 1216, 1626, 1024]
[1218, 340, 422, 2020, 980]
[936, 2485, 2191, 1107, 1666]
[1031, 761, 127, 721, 280]
[2155, 758, 2538, 1132, 1226]
[1600, 760, 411, 2536, 2595]
[2439, 2526, 106, 1434, 541]
[640, 2312, 114, 934, 2638]
[668, 249, 1601, 1599, 2408]
[1464, 26, 2590, 1019, 1640]
[881, 2451, 2479, 2287, 1219]
[696, 1852, 1081, 337, 547]
[315, 201, 1874, 150, 1708]
[2163, 2485, 25, 316, 1925]
[2684, 944, 2651, 278, 814]
[2677, 1018, 1879, 1032, 758]
[74, 2387, 2340, 600, 1533]
[1397, 374, 155, 926, 2120]
[1102, 1274, 838, 2313, 547]
[1219, 2467, 1771, 2479, 221]
[811, 1454, 1123, 78, 2212]
[560, 1501, 1936, 650, 6]
[2120, 1873, 155, 1397, 885]
[758, 207, 520, 2069, 1132]
[2020, 1478, 1693, 1213, 21]
[2524, 1901, 336, 2418, 2069]
[2616, 1926, 436, 1878, 1293]
[1958, 2120, 1873, 885, 513]
[1811, 2508, 1217, 1216, 1243]
[1071, 1339, 875, 77, 2480]
[118, 444, 1896, 2624, 120]
[945, 1044, 2259, 479, 675]
[1900, 1905, 1369, 758, 851]
[1494, 2251, 532, 962, 231]
[308, 1030, 33, 2683, 1177]
[1444, 603, 323, 2014, 1761]
[2540, 346, 117, 1564, 394]
[193, 273, 2072, 418, 253]
[796, 743, 2309, 926, 709]
[2006, 2263, 657, 2435, 2325]
[1324, 360, 1465, 2469, 2581]
[1932, 775, 162, 800, 2578]
[2114, 1400, 1434, 440, 2362]
[2392, 2544, 2200, 372, 2171]
[1510, 1582, 504, 1792, 1455]
[2682, 581, 734, 239, 362]
[28, 1121, 1081, 2445, 2566]
[1067, 2223, 2111, 2000, 2577]
[1939, 1937, 2516, 2468, 156]
[2527, 896, 2529, 589, 602]
[906, 804, 1540, 1626, 125]
[627, 1145, 465, 1574, 661]
[1285, 179, 2613, 1666, 1909]
[2309, 743, 374, 926, 709]
[2406, 1420, 368, 2097, 2267]
[38, 2414, 2206, 244, 1690]
[6, 650, 2361, 1411, 541]
[1054, 70, 530, 1747, 553]
[2636, 1224, 1324, 1625, 945]
[1418, 936, 2485, 25, 2229]
[1339, 1575, 751, 945, 456]
[2164, 1687, 1305, 1037, 1533]
[1853, 733, 728, 1041, 997]
[945, 675, 2089, 641, 1529]
[1747, 908, 1885, 14, 2548]
[1529, 2198, 1254, 460, 1083]
[2037, 1726, 2499, 2382, 1151]
[2073, 2364, 2370, 1074, 1432]
[1823, 334, 1315, 153, 2434]
[2106, 1992, 63, 760, 675]
[1769, 1721, 1417, 2153, 908]
[2608, 2390, 758, 464, 1950]
[1019, 1052, 927, 877, 2279]
[2309, 709, 743, 1219, 1320]
[657, 2435, 2263, 1000, 630]
[1349, 415, 2033, 783, 2188]
[1414, 2679, 896, 222, 2642]
[2636, 8, 2346, 104, 467]
[169, 2636, 1344, 645, 1328]
[1732, 2206, 515, 1955, 321]
[1123, 78, 1339, 1209, 2198]
[704, 1847, 164, 1588, 2323]
[888, 1513, 1749, 882, 533]
[2066, 1669, 1943, 601, 194]
[993, 314, 150, 2230, 2040]
[714, 1307, 1422, 1337, 608]
[784, 554, 2529, 1481, 904]
[675, 682, 1581, 567, 1438]
[1285, 1147, 2372, 1666, 741]
[1771, 1219, 1536, 374, 1320]
[1339, 70, 1690, 26, 2590]
[1484, 120, 1896, 2624, 1691]
[2175, 2495, 581, 734, 239]
[1190, 2146, 838, 1081, 546]
[2167, 1868, 2348, 1225, 2027]
[1219, 2467, 8, 2346, 1771]
[1879, 758, 1032, 618, 2536]
[991, 444, 1688, 2097, 1372]
[1286, 714, 747, 1226, 829]
[1991, 1394, 1247, 447, 1997]
[294, 1471, 1836, 1515, 1939]
[1441, 1667, 1226, 2343, 1100]
[942, 1352, 619, 2652, 2048]
[1456, 44, 310, 934, 368]
[1195, 1559, 1691, 993, 1617]
[50, 791, 1072, 795, 1557]
[2036, 10, 1448, 63, 1939]
[2276, 2062, 2612, 1381, 611]
[239, 866, 750, 512, 1276]
[2157, 1400, 918, 560, 1720]
[675, 2198, 641, 1209, 945]
[1315, 169, 480, 785, 2636]
[1794, 1466, 12, 1934, 1454]
[1223, 1044, 945, 2279, 1241]
[903, 251, 2054, 2495, 797]
[826, 1640, 716, 1619, 2279]
[558, 2340, 2539, 1788, 2370]
[1134, 947, 2043, 1652, 2409]
[1989, 104, 120, 2671, 818]
[67, 285, 1790, 1652, 1625]
[503, 413, 1113, 252, 659]
[595, 2486, 1889, 1158, 1161]
[796, 743, 2309, 926, 709]
[1219, 2467, 278, 2479, 2245]
[2453, 1978, 664, 2245, 606]
[877, 1538, 368, 1058, 1619]
[806, 1581, 1131, 1984, 2385]
[1226, 107, 2155, 1542, 1611]
[1131, 519, 1533, 2385, 996]
[362, 1695, 204, 567, 439]
[168, 934, 2625, 2184, 578]
[1832, 1193, 1227, 2429, 1687]
[1157, 1687, 1790, 1057, 2279]
[2392, 2544, 2200, 372, 2171]
[1848, 1672, 2638, 2319, 277]
[1340, 875, 77, 1055, 1543]
[1031, 761, 127, 1122, 827]
[2167, 1868, 2348, 1225, 2027]
[2442, 711, 1671, 2006, 1648]
[433, 2538, 2129, 1180, 878]
[408, 2170, 2212, 908, 679]
[1245, 194, 2478, 561, 2602]
[1843, 155, 2120, 881, 1737]
[1155, 355, 995, 2390, 1136]
[866, 1328, 2605, 675, 534]
[1807, 446, 1170, 1440, 2096]
[1206, 1956, 845, 2439, 1793]
[2677, 1226, 1018, 1032, 758]
[503, 633, 738, 423, 2233]
[1564, 2153, 2540, 1934, 1374]
[1695, 439, 1603, 673, 352]
[2045, 20, 220, 335, 1032]
[2072, 193, 796, 2502, 2408]
[1410, 978, 578, 1324, 2469]
[1938, 142, 2645, 1635, 2069]
[2592, 1543, 1060, 2153, 1328]
[824, 2269, 375, 1485, 1333]
[806, 1083, 1705, 2490, 2198]
[950, 1876, 1381, 856, 947]
[531, 473, 993, 945, 826]
[1614, 1955, 2067, 899, 658]
[2395, 1330, 516, 2214, 1512]
[1447, 501, 2576, 1172, 929]
[78, 1123, 2495, 2281, 1796]
[2679, 407, 668, 1426, 1251]
[606, 2140, 1970, 467, 1219]
[2172, 221, 430, 1574, 1178]
[340, 2171, 1470, 1562, 1693]
[811, 1441, 2212, 329, 347]
[632, 386, 1573, 177, 1452]
[2364, 1872, 2519, 2068, 104]
[2058, 430, 1492, 1984, 2293]
[2225, 1, 990, 1132, 2544]
[1789, 447, 941, 2180, 1435]
[1710, 1326, 1935, 474, 532]
[504, 1218, 1466, 1324, 910]
[638, 1341, 2069, 2387, 2155]
[896, 2128, 1060, 547, 1454]
[1722, 1985, 2129, 1738, 198]
[2304, 2, 518, 2200, 2678]
[2470, 1638, 958, 1838, 1754]
[987, 1111, 2117, 1743, 140]
[2588, 1788, 898, 1454, 674]
[2605, 1328, 1955, 1687, 1254]
[303, 796, 1397, 645, 117]
[1911, 698, 1009, 27, 1665]
[1150, 369, 2012, 935, 1620]
[1902, 57, 1612, 1029, 1805]
