[1368, 2506, 865, 283, 4]
[2417, 1986, 1918, 836, 2404]
[2187, 2425, 2321, 2309, 2136]
[2238, 434, 1080, 483, 2131]
[2569, 2026, 92, 1847, 13]
[2047, 831, 1134, 1836, 1954]
[2510, 179, 2664, 707, 2438]
[4, 2174, 856, 2296, 2471]
[1057, 1738, 2062, 671, 2487]
[2038, 1046, 1933, 667, 531]
[1350, 2114, 1129, 474, 36]
[1, 389, 1558, 343, 2151]
[1139, 1906, 1546, 487, 1040]
[713, 2010, 1207, 1965, 819]
[2228, 1409, 1335, 2452, 2042]
[191, 2152, 1504, 1275, 1229]
[248, 905, 1857, 31, 2628]
[584, 758, 53, 778, 2358]
[2498, 2141, 2290, 1173, 322]
[490, 53, 1578, 1844, 1693]
[1676, 419, 40, 2139, 955]
[121, 297, 511, 1798, 1993]
[939, 6, 2439, 1043, 200]
[186, 1063, 2640, 1852, 2401]
[104, 490, 471, 1993, 2428]
[2110, 2043, 123, 685, 874]
[1878, 878, 1392, 1843, 1249]
[1865, 922, 1986, 2573, 2313]
[650, 1597, 1313, 714, 926]
[317, 1990, 2573, 913, 234]
[612, 1202, 498, 2270, 2380]
[14, 323, 620, 638, 1307]
[2203, 500, 1478, 1502, 2304]
[1408, 2460, 494, 2218, 1128]
[1937, 1289, 685, 1055, 1512]
[858, 1578, 2428, 851, 2262]
[2313, 281, 1622, 2443, 455]
[1602, 2234, 1139, 1150, 1436]
[1707, 511, 1803, 1207, 385]
[2099, 1776, 2471, 1609, 239]
[1163, 108, 551, 1111, 94]
[2668, 1442, 2253, 728, 2362]
[1055, 1289, 564, 1224, 1813]
[2502, 1966, 1717, 2403, 1938]
[1049, 1159, 1439, 868, 464]
[1687, 168, 1504, 2621, 2567]
[404, 1535, 830, 1336, 2573]
[1, 306, 524, 1758, 2272]
[1970, 1922, 1966, 2019, 1516]
[153, 2367, 1439, 1910, 213]
[2621, 1516, 1819, 69, 1384]
[625, 1941, 1000, 1167, 1363]
[2372, 2557, 470, 1668, 1395]
[47, 1153, 2417, 635, 252]
[65, 2123, 2250, 2046, 191]
[50, 1592, 1518, 1993, 471]
[1947, 2541, 181, 2071, 1680]
[767, 1106, 1308, 342, 1525]
[1053, 2495, 1717, 2502, 774]
[189, 451, 264, 618, 2256]
[2599, 213, 1337, 1857, 660]
[2037, 993, 14, 1573, 2000]
[2253, 436, 466, 2062, 1850]
[531, 1232, 1004, 297, 121]
[377, 2594, 238, 370, 1872]
[438, 2220, 398, 2253, 2015]
[1090, 882, 34, 286, 1309]
[1906, 2016, 1529, 146, 560]
[1804, 945, 243, 1124, 2645]
[158, 2151, 1046, 1, 401]
[576, 1548, 591, 797, 1860]
[2567, 306, 2621, 339, 2382]
[1265, 465, 199, 70, 2201]
[2226, 889, 211, 1405, 2036]
[1724, 2104, 1122, 2654, 2082]
[84, 2222, 1371, 1845, 1567]
[2064, 7, 1867, 1180, 1450]
[515, 625, 2632, 2522, 357]
[2313, 790, 191, 1971, 2108]
[1533, 1340, 562, 141, 570]
[1803, 2664, 1857, 2017, 717]
[1529, 23, 2046, 679, 479]
[2386, 324, 657, 975, 910]
[679, 2428, 778, 1474, 1606]
[1171, 94, 2559, 1512, 1622]
[446, 1308, 1294, 118, 2272]
[1436, 2193, 1159, 2081, 2152]
[64, 2103, 224, 2688, 1500]
[8, 1152, 2320, 2378, 2494]
[275, 479, 269, 2172, 1237]
[1317, 2683, 937, 142, 1101]
[429, 656, 2322, 1398, 2440]
[115, 836, 1717, 2384, 2348]
[1332, 1435, 912, 1413, 1611]
[1270, 801, 2101, 1984, 949]
[1388, 2047, 1336, 1681, 1115]
[1187, 1555, 460, 2064, 529]
[2367, 2685, 2164, 2224, 1599]
[985, 2458, 117, 1932, 755]
[1514, 1375, 705, 437, 201]
[1599, 2471, 2672, 142, 948]
[1211, 1587, 2110, 2239, 1910]
[354, 1014, 2239, 1179, 1764]
[1810, 1057, 2078, 925, 1185]
[780, 1, 1176, 2241, 2179]
[2513, 31, 2628, 442, 1035]
[2512, 637, 2428, 2197, 2594]
[1460, 1172, 2501, 20, 2339]
[984, 2041, 2117, 1999, 638]
[181, 2438, 1294, 1542, 1106]
[53, 1578, 763, 490, 104]
[875, 1697, 1214, 2677, 322]
[1206, 190, 825, 2527, 1837]
[860, 764, 0, 654, 1750]
[1719, 379, 2162, 1190, 583]
[1637, 869, 1290, 1504, 551]
[108, 2152, 2382, 1376, 94]
[1090, 882, 1623, 2424, 612]
[9, 2615, 172, 2036, 2358]
[1895, 389, 2467, 343, 2642]
[1, 2542, 1046, 994, 2430]
[1449, 643, 2290, 1587, 2091]
[1803, 1561, 1707, 660, 477]
[1609, 1710, 595, 1468, 698]
[1908, 207, 1750, 1974, 1614]
[515, 625, 2632, 2522, 357]
[325, 1637, 1254, 275, 2236]
[142, 597, 1899, 2501, 996]
[531, 1232, 1004, 297, 121]
[423, 731, 199, 1265, 465]
[1160, 2241, 2272, 1530, 2573]
[2495, 2012, 764, 2274, 959]
[1492, 1639, 2497, 1938, 1504]
[1867, 1999, 1129, 1966, 200]
[2075, 1891, 1180, 791, 316]
[1460, 2255, 1156, 1952, 932]
[1858, 2471, 854, 1815, 1910]
[2218, 665, 649, 2199, 1779]
[676, 1807, 1917, 2622, 1105]
[1931, 2266, 1586, 2339, 1221]
[2428, 858, 104, 86, 908]
[870, 22, 558, 1224, 663]
[2646, 557, 287, 560, 281]
[563, 1306, 1914, 804, 1865]
[2348, 14, 1609, 620, 1346]
[1144, 536, 1033, 1574, 2273]
[2115, 345, 842, 1764, 479]
[2037, 1496, 1134, 1836, 1958]
[2016, 560, 1512, 2006, 306]
[1943, 1653, 1991, 934, 2389]
[2614, 1923, 2516, 2660, 996]
[1099, 1289, 1447, 45, 2308]
[1266, 1257, 483, 2238, 2643]
[700, 831, 1668, 1085, 1939]
[2352, 819, 2229, 1350, 770]
[297, 121, 511, 1798, 1993]
[2133, 2537, 1430, 393, 1500]
[2438, 822, 137, 2041, 1245]
[2278, 68, 908, 1535, 2659]
[1989, 2137, 921, 964, 427]
[2313, 2397, 2290, 984, 2390]
[2411, 554, 1331, 1604, 887]
[1010, 434, 209, 2670, 1324]
[2164, 919, 1100, 1526, 2651]
[1500, 393, 2537, 1430, 2133]
[1933, 2239, 1566, 1906, 1825]
[1104, 1375, 187, 148, 544]
[1885, 969, 378, 1963, 1932]
[273, 1387, 1501, 1171, 1383]
[1058, 336, 201, 1180, 976]
[2658, 522, 1861, 678, 729]
[2262, 563, 326, 1563, 972]
[2421, 929, 2171, 2226, 2017]
[2094, 2500, 577, 87, 23]
[76, 2424, 984, 304, 2564]
[1306, 584, 36, 53, 740]
[1657, 127, 854, 2290, 948]
[1328, 1568, 1504, 1646, 2497]
[1026, 2052, 1217, 1104, 2251]
[908, 381, 2313, 2651, 2438]
[902, 1707, 191, 790, 2498]
[1637, 2250, 1826, 560, 1047]
[1342, 2566, 1300, 976, 1453]
[1043, 387, 281, 1622, 1335]
[1813, 1440, 564, 1850, 466]
[317, 1990, 2573, 913, 234]
[996, 197, 2614, 2085, 969]
[137, 836, 14, 1815, 898]
[2515, 1966, 1815, 2105, 66]
[1749, 1140, 465, 1265, 199]
[549, 1800, 304, 984, 854]
[932, 1646, 778, 1578, 908]
[309, 1609, 836, 938, 1468]
[1722, 1661, 644, 1775, 1011]
[2515, 1966, 1815, 2105, 66]
[400, 2502, 2403, 843, 383]
[560, 2250, 2548, 1753, 1328]
[297, 121, 511, 1798, 1993]
[900, 1158, 1934, 1729, 2023]
[80, 1493, 331, 1847, 949]
[558, 839, 2340, 1440, 367]
[115, 836, 1717, 2384, 2348]
[1460, 932, 1594, 2428, 175]
[151, 1885, 443, 347, 2033]
[678, 1275, 1229, 1349, 869]
[257, 2232, 751, 706, 530]
[2374, 994, 1561, 1722, 1194]
[306, 158, 2118, 317, 2601]
[1614, 2290, 568, 2432, 2528]
[484, 1808, 1957, 2277, 1876]
[1717, 2651, 715, 1665, 1294]
[1367, 2017, 179, 579, 175]
[786, 2683, 2373, 1128, 2334]
[415, 628, 1922, 1982, 14]
[973, 2130, 1712, 812, 1847]
[1043, 1618, 2625, 1429, 1622]
[1792, 1880, 279, 1625, 1123]
[506, 1415, 10, 1470, 1365]
[1844, 1306, 36, 520, 53]
[935, 737, 493, 113, 788]
[2529, 1510, 854, 106, 1601]
[2367, 360, 2597, 265, 2433]
[768, 996, 2501, 2085, 1958]
[2005, 998, 439, 1966, 644]
[2186, 1421, 1761, 776, 519]
[2415, 564, 869, 1691, 1290]
[2233, 629, 991, 2581, 1129]
[1694, 67, 417, 370, 2349]
[1986, 1492, 1938, 1918, 2404]
[984, 1999, 2041, 2117, 638]
[1600, 1867, 2481, 1163, 815]
[1768, 2455, 976, 868, 1439]
[1328, 1939, 831, 696, 2543]
[1867, 1525, 1211, 1136, 1971]
[864, 1490, 91, 707, 142]
[471, 1993, 1538, 177, 667]
[2679, 1158, 2142, 2307, 1327]
[1486, 2003, 2582, 2655, 1492]
[37, 2572, 995, 1752, 1923]
[1045, 1967, 1650, 1258, 1816]
[2438, 323, 1124, 1432, 1609]
[1492, 1530, 2090, 1665, 1815]
[94, 108, 551, 2493, 367]
[300, 544, 187, 815, 724]
[2397, 938, 2290, 1019, 1526]
[1634, 468, 169, 301, 1371]
[1966, 2298, 198, 1665, 984]
[1104, 187, 937, 1375, 261]
[807, 38, 1918, 1443, 473]
[2598, 1821, 1231, 587, 2181]
[2233, 1327, 2564, 2347, 2504]
[969, 2085, 1866, 996, 2614]
[1089, 282, 2201, 70, 66]
[641, 306, 1464, 817, 1614]
[1225, 1758, 1971, 446, 2272]
[2665, 2029, 2664, 248, 905]
[702, 393, 1500, 2129, 1043]
[864, 2625, 276, 142, 1952]
[1605, 2241, 269, 1868, 479]
[1580, 2151, 491, 2108, 1775]
[53, 1578, 763, 778, 1693]
[715, 2651, 465, 199, 1265]
[1129, 1964, 1966, 1185, 1429]
[940, 2444, 1934, 2451, 217]
[524, 349, 2412, 2410, 208]
[1393, 1872, 2220, 2586, 391]
[2358, 584, 1594, 1599, 1306]
[642, 92, 2241, 1750, 640]
[1332, 2016, 1464, 2593, 1188]
[1416, 69, 2138, 2456, 1436]
[641, 1529, 358, 231, 1472]
[181, 1294, 2438, 1106, 1542]
[209, 1010, 434, 2472, 2642]
[2038, 2486, 667, 1046, 1906]
[1836, 1134, 2504, 1413, 1958]
[367, 839, 2682, 2362, 1813]
[2183, 430, 1497, 1736, 1093]
[2071, 2151, 2256, 84, 729]
[191, 2250, 479, 151, 2124]
[2341, 1909, 1115, 50, 998]
[648, 1897, 275, 101, 1707]
[2484, 306, 2679, 348, 2427]
[1002, 38, 685, 381, 1784]
[2039, 1824, 195, 1864, 390]
[685, 2043, 123, 2110, 2625]
[2337, 1477, 302, 152, 396]
[1459, 52, 764, 168, 140]
[2379, 751, 996, 2614, 706]
[1159, 707, 1452, 640, 111]
[1742, 921, 334, 1994, 1312]
[21, 2294, 2347, 2489, 602]
[2430, 1993, 471, 2684, 12]
[1944, 2007, 1525, 1136, 2272]
[2117, 2655, 217, 2469, 1516]
[2432, 1269, 1464, 130, 1429]
[1906, 2597, 1994, 2048, 525]
[1815, 1154, 2502, 2417, 1544]
[1609, 1544, 2384, 2348, 34]
[1601, 573, 0, 2048, 860]
