0
1
2
3
4
5
6
9
10
19
20
21
22
23
24
25
27
28
29
30
31
32
33
34
35
36
37
38
39
40
41
42
44
45
47
54
55
56
57
58
59
60
61
62
63
67
75
76
77
78
79
80
81
82
83
87
88
90
92
93
94
95
96
98
99
100
103
104
106
107
108
109
110
111
112
113
114
118
119
126
127
128
129
130
131
132
133
134
135
137
138
139
140
144
146
148
149
151
160
161
162
163
164
165
167
169
170
175
177
178
179
181
182
183
184
185
195
196
197
199
202
206
207
209
210
213
214
215
216
217
218
219
221
223
224
225
227
228
230
232
233
234
235
236
237
238
239
240
241
242
243
244
245
246
247
248
249
253
254
255
256
257
258
259
260
261
262
263
264
271
273
274
275
276
277
278
280
284
285
286
287
297
298
299
300
301
302
303
304
305
306
307
311
314
316
318
319
320
321
323
324
325
326
327
328
329
331
332
333
334
336
337
338
339
341
342
343
344
346
347
348
349
350
353
354
355
357
358
359
360
361
362
364
365
366
367
368
369
370
372
373
374
376
377
378
379
380
381
383
385
386
387
390
391
394
396
397
399
410
411
412
413
414
415
416
422
423
424
425
426
427
429
430
431
432
433
434
