[1811, 673, 2644, 1878, 1029]
[737, 481, 1003, 1901, 2676]
[1331, 2525, 2349, 1276, 2540]
[1234, 1531, 3, 1430, 2381]
[2277, 2571, 1740, 2132, 2634]
[1219, 1258, 2671, 2372, 1653]
[1994, 711, 251, 1198, 2011]
[2242, 2060, 1247, 2392, 2188]
[2098, 2006, 2459, 275, 2351]
[56, 2284, 1102, 2105, 1682]
[2478, 866, 2069, 2232, 681]
[854, 1560, 837, 2072, 2074]
[712, 1308, 1378, 1521, 995]
[2653, 2420, 2296, 1998, 793]
[1211, 676, 266, 1738, 1768]
[575, 1232, 2139, 2476, 146]
[2009, 2156, 917, 1824, 2139]
[2149, 2634, 594, 1706, 2146]
[1048, 1085, 2632, 2617, 200]
[767, 789, 669, 568, 968]
[587, 997, 1812, 1476, 356]
[605, 1486, 471, 1861, 225]
[2203, 1458, 72, 130, 2230]
[178, 658, 2606, 220, 1287]
[937, 149, 2433, 632, 378]
[176, 391, 423, 610, 2623]
[1839, 2516, 762, 335, 795]
[1994, 2579, 2086, 651, 107]
[1783, 801, 2240, 1385, 2586]
[692, 1402, 1852, 1178, 2482]
[1915, 1743, 1714, 464, 2040]
[2320, 1333, 1962, 2662, 2584]
[1235, 37, 181, 400, 219]
[1072, 1126, 2591, 115, 1987]
[2409, 1287, 2529, 2120, 221]
[607, 1929, 523, 1932, 1252]
[454, 2266, 620, 1252, 1932]
[466, 601, 1087, 2231, 2524]
[1243, 2102, 1509, 741, 2096]
[20, 1079, 2479, 1870, 865]
[2529, 2120, 35, 115, 807]
[1614, 2221, 51, 2050, 1276]
[2064, 2385, 1330, 813, 445]
[434, 886, 785, 1530, 1852]
[2291, 525, 1361, 855, 2599]
[1570, 1283, 1240, 219, 1454]
[461, 1593, 538, 2527, 479]
[1371, 432, 2557, 1592, 196]
[1126, 1470, 496, 441, 2664]
[1506, 366, 2214, 480, 760]
[936, 2300, 2111, 2332, 581]
[2398, 1819, 200, 2651, 2363]
[835, 947, 2097, 331, 1030]
[609, 342, 2139, 2169, 15]
[1051, 2040, 1470, 2466, 1566]
[2176, 1127, 1373, 874, 1096]
[1799, 2195, 2557, 1475, 1301]
[345, 368, 1806, 155, 523]
[1606, 581, 1155, 874, 1986]
[2533, 783, 1209, 1212, 99]
[2086, 127, 514, 796, 2185]
[276, 1237, 1041, 233, 540]
[816, 218, 2593, 435, 1160]
[1802, 1164, 2557, 2060, 2199]
[1487, 1534, 894, 1888, 1701]
[2432, 1580, 1700, 1258, 1688]
[2373, 2431, 1588, 2041, 1687]
[764, 495, 2149, 2375, 598]
[848, 686, 422, 2139, 1209]
[1588, 1599, 2146, 2014, 2228]
[486, 1955, 313, 2215, 1106]
[166, 1645, 192, 2566, 2064]
[95, 1603, 2539, 484, 69]
[1911, 604, 125, 2100, 535]
[207, 1131, 1781, 1640, 1456]
[2023, 1535, 2383, 395, 1167]
[496, 2191, 1552, 18, 147]
[116, 1456, 256, 1131, 42]
[841, 438, 1470, 1039, 2372]
[2224, 806, 2446, 430, 1358]
[1538, 2227, 950, 1478, 342]
[1014, 2037, 797, 1880, 540]
[2499, 1476, 609, 1362, 2081]
[2468, 1394, 2665, 2372, 755]
[2632, 2689, 949, 2434, 1805]
[901, 2149, 1679, 1048, 2375]
[146, 507, 1794, 568, 2381]
[1622, 268, 2318, 778, 881]
[2223, 535, 117, 1911, 2404]
[1638, 1765, 1448, 2587, 1181]
[2573, 1837, 1754, 78, 2297]
[841, 1784, 2493, 2557, 875]
[808, 1140, 2006, 1516, 253]
[1037, 1573, 762, 686, 848]
[1243, 1538, 1706, 2627, 1673]
[402, 1720, 1746, 852, 2413]
[147, 2381, 1474, 146, 2257]
[399, 2671, 791, 532, 1632]
[435, 1037, 1603, 2289, 749]
[1643, 14, 2320, 651, 1593]
[1108, 2403, 1767, 1546, 2242]
[1640, 2423, 1092, 2688, 2199]
[1005, 704, 146, 1219, 1274]
[1067, 281, 1747, 406, 805]
[2206, 2668, 449, 1201, 177]
[1111, 205, 713, 2073, 1079]
[1182, 2149, 246, 714, 2479]
[2281, 2649, 126, 2572, 603]
[1838, 1163, 206, 2130, 1018]
[692, 2077, 1768, 158, 351]
[2393, 1145, 126, 1477, 1371]
[1709, 1374, 2064, 2385, 1207]
[1880, 1735, 1651, 475, 634]
[430, 812, 2163, 848, 2024]
[1199, 2149, 1834, 871, 2208]
[2257, 1649, 1211, 1500, 1448]
[2537, 467, 1771, 1152, 1625]
[207, 1600, 1781, 2442, 642]
[1909, 2019, 2618, 211, 1009]
[2142, 2269, 2496, 609, 1812]
[1776, 730, 2085, 2225, 477]
[1879, 1812, 587, 611, 1476]
[426, 42, 1138, 76, 1562]
[725, 1802, 538, 2527, 2077]
[2052, 669, 1821, 2008, 1312]
[1735, 635, 1586, 2606, 1694]
[850, 2425, 1815, 1412, 1584]
[997, 406, 2461, 418, 660]
[874, 1593, 2527, 538, 104]
[623, 2583, 1070, 132, 1191]
[819, 1120, 1683, 2027, 553]
[2387, 0, 258, 153, 606]
[1046, 2593, 251, 2514, 107]
[1278, 1354, 704, 2158, 380]
[1588, 724, 1061, 1048, 1470]
[1781, 159, 2355, 2358, 155]
[1026, 628, 288, 1541, 2449]
[1981, 1790, 2652, 1662, 1673]
[77, 1246, 2614, 2585, 1196]
[1852, 169, 1807, 2133, 1157]
[786, 1963, 1314, 1227, 2499]
[1171, 1677, 1263, 2458, 908]
[896, 2056, 1476, 185, 610]
[1007, 1220, 1854, 2458, 1677]
[221, 171, 292, 2135, 132]
[1273, 2576, 479, 2098, 2533]
[1917, 1895, 769, 1744, 536]
[1896, 405, 1476, 62, 1020]
[813, 445, 2227, 2682, 1220]
[2208, 2383, 1199, 773, 153]
[2147, 2416, 262, 81, 1303]
[1870, 2479, 1718, 1798, 2576]
[2093, 1342, 2476, 1320, 2104]
[1897, 1415, 2345, 1870, 2479]
[318, 70, 1812, 1584, 554]
[32, 2634, 1864, 471, 1486]
[2342, 514, 1202, 222, 720]
[1560, 837, 1472, 387, 193]
[1909, 2019, 1371, 2022, 2093]
[672, 2340, 1430, 1987, 488]
[267, 532, 1350, 2602, 695]
[167, 895, 1054, 2128, 1390]
[537, 1347, 562, 1245, 492]
[2257, 446, 507, 2053, 168]
[391, 2641, 2623, 423, 843]
[875, 933, 2372, 911, 2603]
[1996, 1642, 155, 2498, 2626]
[1427, 936, 2300, 2455, 1181]
[1294, 2053, 2149, 1576, 652]
[525, 1521, 484, 2539, 854]
[1292, 82, 1886, 1033, 2521]
[1778, 659, 838, 47, 1081]
[791, 1379, 2179, 2506, 1794]
[2016, 2477, 2353, 2399, 1965]
[560, 956, 1788, 973, 2583]
[1698, 72, 1687, 2191, 1327]
[642, 73, 207, 1333, 979]
[2606, 1980, 929, 1493, 756]
[2571, 2277, 584, 2084, 1064]
[1967, 1676, 546, 326, 1929]
[1561, 2524, 410, 1734, 1288]
[873, 959, 944, 1335, 1230]
[2632, 121, 2523, 2673, 1061]
[249, 130, 811, 1610, 1209]
[2528, 2141, 1663, 1315, 285]
[961, 418, 605, 1707, 1710]
[2165, 1020, 1319, 190, 1541]
[2652, 736, 443, 2047, 1014]
[2632, 121, 2523, 2673, 1061]
[512, 1689, 749, 1685, 1719]
[997, 246, 977, 983, 2682]
[2372, 1470, 819, 189, 1478]
[997, 556, 1239, 2291, 346]
[497, 671, 388, 27, 1031]
[1111, 997, 660, 2291, 1068]
[1915, 1300, 2118, 1577, 1313]
[302, 1312, 1205, 1132, 1694]
[2037, 2652, 1872, 2531, 1248]
[270, 101, 1087, 2446, 580]
[704, 1050, 668, 206, 2130]
[1191, 1170, 2516, 623, 903]
[1802, 1164, 2557, 2060, 2199]
[340, 370, 1344, 2054, 2370]
[2383, 0, 2249, 921, 1490]
[531, 1460, 1195, 1068, 1807]
[2304, 2677, 2427, 1381, 1907]
[1277, 1569, 1683, 285, 2386]
[162, 187, 2544, 1583, 1535]
[1943, 1768, 641, 1083, 2098]
[1602, 2036, 137, 1034, 1935]
[2652, 1360, 174, 1481, 1622]
[2132, 497, 2133, 2352, 2353]
[1674, 2578, 556, 174, 112]
[2095, 2538, 127, 690, 285]
[2228, 2014, 1599, 266, 548]
[430, 147, 2191, 1654, 1039]
[401, 1642, 591, 2305, 2401]
[622, 1872, 368, 2442, 1824]
[203, 1523, 2312, 2326, 416]
[1403, 1706, 7, 1783, 1538]
[586, 1623, 188, 2512, 2130]
[1283, 2426, 2043, 2223, 665]
[300, 2114, 2323, 393, 320]
[1794, 2557, 1215, 1371, 1575]
[1995, 1915, 2428, 756, 1807]
[1794, 1406, 983, 427, 1718]
[833, 2466, 2299, 2352, 1834]
[2342, 1257, 668, 2576, 459]
[242, 1329, 1599, 1635, 2323]
[387, 193, 1020, 2383, 427]
[1535, 224, 2407, 1305, 113]
[445, 813, 1330, 2027, 2064]
[968, 1981, 891, 1145, 1221]
[200, 2447, 2398, 950, 1139]
[1273, 195, 2560, 1459, 1803]
[43, 570, 1176, 1896, 1476]
[2177, 856, 1206, 401, 2304]
[645, 2002, 828, 702, 1108]
[1231, 381, 1053, 580, 1834]
[2383, 526, 2198, 516, 637]
[2558, 1727, 2345, 1415, 1759]
[697, 2312, 1910, 1603, 247]
[502, 1312, 850, 1156, 1935]
[1588, 617, 853, 509, 1127]
[1759, 546, 1932, 1252, 2409]
[1674, 2653, 1698, 1506, 1209]
[2182, 1580, 1700, 850, 1688]
[1586, 1964, 1717, 1539, 2520]
[141, 173, 2142, 1181, 1139]
[267, 518, 657, 1300, 1283]
[1446, 878, 622, 376, 765]
[1261, 1340, 364, 766, 2414]
[2226, 56, 1102, 2105, 2284]
[117, 979, 1342, 2024, 1062]
[2609, 99, 1931, 2295, 612]
[2422, 1453, 2006, 2229, 1819]
[2142, 1059, 2681, 2342, 521]
[2536, 2466, 1566, 1051, 2483]
[342, 2017, 1361, 2073, 574]
[367, 1566, 1259, 16, 509]
[479, 2532, 868, 271, 1507]
[2025, 2299, 2478, 866, 2069]
[2046, 1640, 1278, 1354, 1460]
[731, 2382, 1709, 922, 1205]
[375, 2557, 1755, 1235, 807]
[67, 2024, 1062, 624, 2093]
[2564, 1029, 1312, 2119, 1348]
[1497, 362, 2404, 2200, 1213]
[1695, 2176, 2053, 904, 917]
[1132, 1946, 642, 539, 865]
[797, 7, 1555, 858, 780]
[1273, 1541, 288, 471, 1486]
[707, 1083, 2318, 2098, 1943]
[878, 2084, 2036, 2189, 2116]
[1573, 762, 960, 308, 2516]
[740, 1449, 1334, 1905, 1433]
[1020, 1454, 2477, 2215, 1361]
[1561, 1475, 2467, 1301, 2377]
[2252, 1598, 2591, 508, 916]
[1638, 2160, 1884, 322, 2211]
[2489, 1454, 659, 25, 1532]
[797, 2390, 1576, 2316, 842]
[2409, 188, 230, 2512, 2627]
[715, 2087, 1603, 2269, 334]
[1317, 883, 2342, 2238, 1012]
[1645, 2109, 2629, 199, 411]
[2581, 264, 2101, 1975, 1698]
[2053, 1950, 871, 2149, 1679]
[2139, 166, 101, 15, 1472]
[876, 503, 1639, 1117, 1210]
[72, 1956, 1413, 1039, 445]
[509, 968, 513, 2231, 276]
[1677, 1460, 1563, 1905, 1433]
[418, 2396, 1031, 498, 525]
[2418, 2548, 1860, 1327, 1875]
[1085, 451, 306, 341, 2025]
[376, 2299, 1577, 1974, 2351]
[1050, 704, 418, 146, 2653]
[1936, 1640, 1747, 418, 2513]
