[1786, 2038, 2224, 2438, 2008]
[2096, 1836, 2122, 1845, 1374]
[2028, 2404, 374, 1483, 2129]
[468, 1494, 178, 1383, 1620]
[301, 1252, 1139, 1930, 2236]
[1668, 2424, 2043, 1117, 397]
[33, 1749, 882, 772, 2444]
[1745, 554, 121, 2080, 2156]
[267, 1764, 1023, 2539, 1953]
[2329, 1687, 594, 2420, 1823]
[2109, 2395, 2440, 611, 276]
[863, 1378, 2327, 1842, 73]
[2403, 16, 1428, 1705, 1731]
[640, 2238, 1156, 874, 1699]
[2396, 364, 1181, 2575, 414]
[1493, 2257, 33, 1195, 1063]
[227, 152, 2383, 1640, 1089]
[1087, 2280, 1516, 1976, 2134]
[910, 2638, 1906, 949, 1680]
[527, 2400, 1416, 2105, 1152]
[518, 1154, 484, 2579, 2]
[976, 113, 1113, 989, 817]
[2296, 367, 1161, 2085, 1861]
[1632, 2011, 1663, 403, 1594]
[860, 1574, 31, 99, 1495]
[2594, 1463, 538, 554, 603]
[33, 1967, 499, 2644, 1491]
[2545, 2212, 250, 2635, 33]
[230, 1521, 2511, 216, 2030]
[753, 1372, 1150, 738, 1300]
[2221, 2657, 868, 1659, 1172]
[1099, 998, 2304, 1286, 2285]
[348, 2210, 2160, 1731, 2389]
[2050, 1471, 1836, 294, 1275]
[557, 1690, 372, 2174, 2088]
[773, 578, 2209, 1661, 1103]
[1557, 1635, 1385, 2645, 2024]
[233, 1988, 819, 1414, 1332]
[1995, 1518, 503, 412, 62]
[285, 127, 1679, 2152, 1866]
[1748, 799, 1044, 480, 1943]
[781, 2573, 1471, 2666, 2468]
[1187, 1411, 1542, 2453, 2]
[2651, 1825, 1413, 2253, 383]
[683, 1401, 576, 2664, 1151]
[1367, 2471, 1679, 2361, 17]
[1341, 466, 817, 1395, 2420]
[1831, 1743, 140, 1698, 756]
[1471, 294, 844, 61, 787]
[1443, 1284, 2471, 2412, 1074]
[817, 336, 160, 227, 1626]
[1716, 1841, 2579, 484, 1154]
[631, 705, 653, 2499, 1044]
[1999, 1937, 1515, 1471, 2123]
[2495, 1158, 810, 1796, 357]
[492, 2220, 324, 1125, 2198]
[483, 638, 2523, 227, 1113]
[1854, 353, 1581, 1357, 2437]
[953, 1232, 525, 868, 2657]
[136, 1497, 2399, 1690, 1695]
[2444, 2608, 2397, 2628, 2538]
[1840, 2361, 1256, 117, 2642]
[888, 454, 1907, 1444, 2105]
[1902, 449, 32, 337, 627]
[275, 222, 113, 1044, 1127]
[581, 734, 2259, 2682, 239]
[1981, 2485, 1909, 2065, 936]
[1603, 110, 2201, 1361, 2081]
[699, 2499, 1151, 1401, 765]
[1970, 1964, 2024, 2364, 287]
[2539, 2384, 2610, 2201, 1059]
[1770, 1266, 1102, 1274, 653]
[2153, 764, 2329, 383, 1413]
[1232, 525, 2689, 331, 190]
[2286, 1048, 1201, 2478, 194]
[2261, 1867, 540, 2305, 472]
[910, 2282, 2026, 1473, 1561]
[1542, 2461, 2056, 1864, 865]
[1156, 2557, 33, 1063, 2632]
[1254, 2575, 211, 1962, 2319]
[1209, 1192, 649, 2066, 2225]
[2214, 2472, 2026, 663, 2669]
[1470, 2636, 955, 1179, 365]
[2677, 47, 1018, 90, 97]
[1524, 1385, 1243, 1600, 227]
[728, 2641, 2604, 2538, 186]
[765, 376, 223, 2158, 2485]
[1646, 1360, 2557, 1156, 1896]
[591, 2361, 1564, 1061, 2686]
[981, 500, 113, 1758, 974]
[2130, 886, 1470, 766, 884]
[2062, 558, 2407, 980, 1173]
[537, 2168, 176, 824, 2031]
[2668, 2306, 19, 681, 1066]
[1003, 407, 449, 1333, 1184]
[312, 636, 357, 1334, 1857]
[1646, 378, 1051, 2187, 1294]
[1904, 2444, 2397, 1052, 829]
[2559, 1295, 2116, 270, 2337]
[2325, 1510, 1717, 1806, 1431]
[820, 292, 1042, 1862, 2285]
[1554, 872, 2487, 1224, 786]
[218, 1890, 2118, 1169, 254]
[2449, 1318, 1762, 1638, 200]
[1560, 350, 2353, 1098, 825]
[1515, 1471, 1701, 1950, 1937]
[289, 2344, 1549, 7, 2091]
[900, 271, 2124, 1450, 1434]
[2536, 1811, 2421, 176, 2045]
[692, 1540, 1961, 266, 2334]
[872, 2487, 1438, 1139, 2570]
[61, 828, 1684, 787, 662]
[1023, 2627, 2197, 2053, 1598]
[936, 1252, 301, 1139, 1909]
[127, 761, 1031, 1122, 443]
[1284, 2673, 1461, 2088, 224]
[1600, 411, 1471, 290, 294]
[2617, 2054, 2472, 440, 76]
[179, 2604, 803, 1077, 1532]
[1376, 2463, 9, 1441, 954]
[1100, 90, 113, 814, 868]
[1928, 1658, 1446, 1716, 2433]
[1375, 1803, 636, 1282, 505]
[315, 201, 1126, 2160, 1546]
[1925, 1336, 1671, 1107, 1881]
[1986, 1764, 2539, 766, 2687]
[2677, 1018, 1189, 1032, 517]
[1647, 586, 2045, 1068, 444]
[1724, 620, 1056, 2326, 1865]
[1102, 1274, 7, 1720, 406]
[1370, 1542, 1203, 1453, 110]
[2325, 2435, 2263, 657, 2089]
[560, 136, 1751, 1366, 230]
[701, 1652, 2339, 2317, 2402]
[2367, 1088, 2187, 466, 189]
[1717, 21, 1478, 2538, 2020]
[2524, 1458, 1847, 1537, 569]
[1926, 2616, 436, 1878, 2478]
[1958, 1364, 2294, 1332, 1001]
[2364, 1647, 267, 239, 2325]
[2085, 1161, 1089, 1302, 2216]
[2002, 1407, 596, 1845, 1777]
[2259, 1044, 1720, 2195, 675]
[2560, 503, 1476, 90, 2169]
[1, 1209, 38, 2414, 18]
[892, 33, 672, 2588, 2632]
[692, 1540, 1961, 266, 2334]
[2540, 226, 697, 1381, 1905]
[2072, 2102, 2489, 946, 273]
[784, 1494, 487, 1608, 852]
[1389, 2622, 2444, 703, 262]
[2581, 1324, 1465, 1582, 1510]
[1932, 162, 421, 1831, 426]
[471, 496, 862, 567, 1729]
[1176, 2254, 1510, 659, 2174]
[1510, 1582, 2254, 595, 1557]
[2682, 581, 734, 1734, 1986]
[28, 2105, 1640, 1720, 1802]
[2501, 2348, 1333, 1692, 2140]
[1939, 1830, 1471, 2150, 1950]
[1221, 971, 1374, 1583, 2532]
[813, 495, 1361, 673, 352]
[627, 449, 895, 2115, 951]
[2485, 1285, 1666, 1493, 2257]
[2309, 2269, 1206, 2149, 19]
[2406, 2584, 298, 2251, 239]
[38, 2414, 2483, 1368, 1959]
[1501, 1366, 2056, 1864, 2361]
[1131, 918, 539, 2014, 990]
[1060, 859, 764, 767, 1748]
[1418, 2458, 431, 1151, 1212]
[2682, 2394, 468, 1953, 1555]
[2164, 1340, 607, 875, 77]
[1853, 728, 733, 1444, 997]
[1044, 1342, 479, 1354, 1381]
[1828, 1259, 489, 1165, 2548]
[1099, 998, 2678, 1254, 764]
[1151, 2382, 2499, 2407, 601]
[2073, 1432, 1074, 1443, 1640]
[1823, 2329, 1128, 854, 594]
[148, 1845, 2447, 1253, 675]
[2152, 1720, 40, 2278, 2329]
[2608, 1171, 1888, 2325, 1173]
[1443, 2476, 712, 1052, 188]
[896, 1081, 1274, 1102, 690]
[657, 2435, 2263, 1632, 357]
[1568, 2046, 2499, 1101, 1657]
[1414, 2306, 174, 724, 2679]
[931, 126, 1939, 1231, 659]
[717, 27, 2665, 1478, 762]
[1732, 391, 666, 2466, 614]
[1334, 428, 1154, 2579, 484]
[1847, 2500, 290, 1044, 784]
[888, 686, 466, 882, 1749]
[2066, 1762, 170, 1721, 1720]
[2466, 633, 2401, 2227, 2297]
[608, 1422, 290, 817, 2260]
[784, 231, 2316, 1411, 1020]
[1148, 1173, 2575, 1181, 414]
[1285, 997, 2663, 469, 2417]
[1771, 1625, 996, 107, 743]
[1365, 1265, 70, 607, 2673]
[1484, 120, 2624, 1896, 1749]
[2175, 1640, 152, 864, 298]
[1190, 2146, 1081, 854, 1632]
[2167, 1868, 2348, 206, 2080]
[2148, 1945, 942, 1352, 1174]
[638, 1764, 2074, 2677, 501]
[2423, 1415, 1229, 887, 2151]
[290, 294, 372, 1471, 1234]
[2215, 913, 1991, 570, 1636]
[294, 1471, 1836, 2050, 1109]
[1368, 2206, 635, 2366, 1512]
[1352, 942, 2652, 619, 1076]
[44, 1456, 310, 643, 1779]
[1986, 1735, 1894, 2571, 1691]
[1458, 2649, 1972, 2677, 1063]
[2036, 10, 449, 1651, 2620]
[2276, 1929, 2612, 1997, 428]
[718, 222, 1624, 762, 401]
[1720, 117, 88, 1986, 645]
[2238, 1429, 1702, 1448, 637]
[2044, 1083, 2329, 1285, 1823]
[2540, 2581, 2192, 1158, 1156]
[1328, 682, 1044, 2259, 1705]
[903, 1588, 799, 1748, 1847]
[826, 2667, 940, 45, 1705]
[739, 829, 181, 580, 768]
[2329, 1083, 1279, 2044, 2]
[2166, 2404, 999, 528, 818]
[67, 285, 431, 2458, 1279]
[1868, 1600, 627, 215, 2167]
[1118, 2095, 1889, 2486, 110]
[784, 1494, 487, 1608, 852]
[1198, 230, 1536, 487, 2479]
[2453, 388, 606, 1978, 142]
[210, 1058, 354, 1141, 2532]
[518, 961, 1618, 275, 1668]
[630, 2435, 2263, 657, 2538]
[631, 2013, 997, 1816, 473]
[1695, 1690, 2055, 567, 439]
[2625, 168, 562, 72, 378]
[813, 1227, 1215, 1918, 352]
[1157, 1687, 1057, 608, 665]
[1176, 2254, 1510, 659, 2174]
[1848, 1672, 2057, 1841, 2083]
[1340, 1055, 2345, 2088, 77]
[761, 127, 1031, 809, 784]
[2167, 1868, 2348, 206, 2080]
[1368, 271, 357, 180, 1389]
[2348, 762, 1624, 1671, 337]
[408, 2259, 566, 2170, 1328]
[1245, 194, 2478, 561, 1293]
[702, 1960, 2439, 410, 1126]
[1976, 2134, 154, 2191, 843]
[1675, 1899, 1746, 2148, 718]
[1440, 1807, 543, 446, 293]
[607, 66, 471, 1916, 2424]
[2677, 47, 1018, 90, 97]
[503, 738, 2028, 633, 2129]
[1144, 2443, 784, 1461, 1675]
[1695, 567, 362, 1266, 439]
[20, 2657, 868, 2045, 220]
[2332, 1496, 1664, 2133, 1521]
[682, 313, 129, 2389, 2689]
[1938, 1635, 142, 380, 1172]
[2592, 2042, 2, 1285, 285]
[824, 675, 2355, 1656, 2252]
[2403, 16, 1428, 1705, 1731]
[607, 870, 2304, 1394, 1161]
[1280, 2630, 971, 2542, 139]
[658, 2638, 764, 305, 2539]
[1166, 2558, 1437, 170, 1149]
[717, 90, 2588, 2627, 2472]
[1907, 1123, 78, 806, 2259]
[145, 1251, 1632, 1911, 2642]
[2024, 1970, 664, 2245, 1908]
[1834, 979, 2172, 538, 1463]
[340, 218, 1890, 1836, 723]
[2055, 765, 2275, 1275, 907]
[1198, 485, 1021, 1225, 604]
[410, 2364, 2484, 1775, 113]
[2058, 1492, 1984, 985, 493]
[2612, 110, 1800, 2198, 96]
[1789, 274, 2475, 113, 2044]
[1073, 487, 627, 230, 2453]
[1563, 1118, 2360, 110, 1844]
[2011, 1075, 2519, 142, 1385]
[896, 1653, 2179, 1882, 88]
[1722, 1985, 441, 2017, 2129]
[2, 472, 2511, 1521, 2044]
[2470, 1638, 958, 862, 2449]
[987, 770, 397, 1117, 1866]
[2444, 1555, 33, 714, 2308]
[2605, 1462, 1254, 332, 826]
[1166, 1397, 955, 1512, 2177]
[1911, 1537, 1434, 2267, 1880]
[1150, 567, 753, 970, 786]
[1191, 638, 277, 97, 1395]
