[1368, 2506, 865, 283, 2174]
[2417, 2192, 72, 829, 1443]
[2309, 2187, 2425, 2321, 555]
[2238, 483, 2117, 2218, 1842]
[92, 1342, 2054, 316, 791]
[2452, 1721, 862, 2186, 2600]
[2510, 179, 527, 1307, 741]
[1085, 2390, 727, 1472, 856]
[1738, 251, 946, 1617, 1372]
[2038, 1046, 667, 531, 1]
[54, 372, 1317, 1965, 739]
[1763, 98, 1193, 319, 389]
[1697, 2591, 1386, 997, 638]
[1191, 2327, 1946, 1505, 2274]
[803, 2316, 813, 1154, 2540]
[2152, 819, 580, 1670, 2559]
[262, 153, 1946, 213, 794]
[1455, 758, 162, 2428, 778]
[2498, 1711, 209, 166, 579]
[53, 763, 1578, 36, 1306]
[1676, 40, 2139, 419, 955]
[121, 297, 2261, 660, 1825]
[2439, 6, 1090, 2443, 939]
[1852, 1063, 2640, 186, 2401]
[845, 1662, 2534, 213, 1660]
[2400, 1756, 1210, 191, 975]
[1878, 2284, 1597, 1298, 302]
[115, 1644, 1233, 716, 75]
[714, 650, 926, 1597, 618]
[1644, 1638, 790, 115, 75]
[1541, 2464, 99, 2689, 411]
[568, 80, 2180, 765, 1604]
[2203, 2479, 500, 821, 1726]
[1408, 2460, 1326, 2480, 216]
[452, 1274, 1008, 27, 2280]
[858, 1578, 1756, 563, 1593]
[1320, 1292, 1115, 2232, 2008]
[1602, 2407, 1824, 1038, 2411]
[863, 385, 1707, 471, 1993]
[2076, 895, 1633, 1186, 1790]
[2350, 936, 94, 1536, 1452]
[988, 811, 1019, 1502, 1942]
[1055, 1289, 1972, 1850, 1612]
[2222, 928, 924, 310, 1663]
[1049, 1480, 823, 2455, 704]
[1687, 1290, 2011, 623, 2621]
[1038, 1192, 2518, 144, 1127]
[2486, 1758, 385, 718, 730]
[1685, 1348, 1700, 1970, 548]
[153, 2367, 486, 426, 741]
[726, 1656, 2477, 501, 626]
[589, 2409, 1363, 1146, 2632]
[2118, 835, 139, 58, 1139]
[764, 2087, 1651, 45, 1715]
[65, 2664, 188, 993, 2250]
[471, 1993, 335, 900, 2235]
[1947, 1263, 181, 1636, 1476]
[774, 2506, 1368, 692, 1127]
[1053, 309, 653, 2111, 1785]
[189, 618, 264, 2256, 1937]
[2599, 231, 183, 1283, 996]
[2049, 1573, 597, 1899, 660]
[1192, 1792, 368, 112, 229]
[531, 1993, 2486, 806, 893]
[377, 238, 998, 2419, 2124]
[348, 2134, 1611, 1631, 1456]
[2492, 1331, 2246, 1788, 1624]
[1191, 1344, 1771, 2576, 967]
[1804, 945, 290, 164, 2568]
[129, 1776, 545, 1725, 2080]
[797, 1344, 295, 687, 967]
[147, 2203, 515, 222, 710]
[1963, 68, 465, 1265, 199]
[2226, 701, 211, 2017, 1781]
[1724, 251, 1344, 2527, 1090]
[1270, 2416, 949, 1506, 516]
[1065, 1117, 2342, 2272, 1670]
[515, 2341, 1909, 147, 1263]
[1294, 2005, 351, 1233, 716]
[570, 1843, 2494, 1992, 2320]
[999, 1278, 1223, 1283, 2665]
[634, 1702, 426, 2498, 1875]
[657, 2386, 324, 910, 1961]
[212, 698, 2636, 2623, 1838]
[447, 1266, 1370, 2001, 673]
[1984, 1349, 2361, 1294, 1139]
[1436, 2337, 388, 794, 2193]
[64, 2103, 2688, 224, 1430]
[1152, 8, 1394, 1548, 516]
[479, 275, 2316, 1261, 218]
[2599, 271, 1662, 2534, 1038]
[429, 2077, 313, 2140, 747]
[115, 757, 1294, 836, 1633]
[2134, 67, 2089, 38, 1413]
[1270, 2520, 19, 2416, 1506]
[2302, 803, 2031, 2047, 1078]
[1187, 1555, 460, 529, 13]
[2565, 2512, 1305, 2483, 216]
[332, 1248, 1667, 2210, 2115]
[705, 1514, 1984, 1241, 421]
[925, 133, 1199, 239, 1982]
[84, 1167, 1050, 1455, 144]
[1689, 2639, 1, 1029, 376]
[1076, 1627, 469, 727, 1472]
[780, 153, 2222, 568, 107]
[2513, 2628, 1035, 751, 706]
[1480, 2267, 1098, 2320, 2508]
[1460, 2628, 1332, 706, 751]
[2192, 638, 1923, 1070, 2469]
[2008, 309, 752, 1695, 1307]
[53, 213, 1578, 543, 2428]
[875, 1842, 2647, 1158, 1988]
[1591, 545, 1348, 1779, 1643]
[860, 654, 482, 1393, 640]
[1455, 451, 53, 2191, 2095]
[1637, 1687, 839, 1290, 678]
[269, 2350, 1670, 2377, 135]
[1090, 882, 654, 612, 498]
[9, 2036, 1481, 736, 513]
[1895, 1941, 1716, 1420, 2]
[1046, 531, 994, 1, 401]
[1013, 1827, 1595, 1173, 1644]
[121, 297, 1933, 1561, 477]
[1187, 1555, 1742, 734, 1468]
[2327, 1502, 1263, 859, 33]
[515, 2341, 1909, 147, 1263]
[59, 448, 2666, 1949, 2429]
[1978, 2435, 1810, 896, 1185]
[531, 471, 2486, 806, 707]
[731, 423, 89, 68, 1184]
[857, 1122, 921, 2486, 2410]
[482, 2414, 809, 1685, 1517]
[1081, 220, 2012, 615, 1657]
[395, 1591, 1129, 282, 2320]
[2075, 1674, 1456, 2671, 592]
[631, 1156, 1765, 2215, 828]
[1858, 2361, 409, 2506, 1368]
[2218, 649, 665, 131, 1432]
[676, 2387, 270, 507, 1786]
[1931, 1034, 2168, 1992, 209]
[53, 763, 271, 735, 1578]
[870, 2012, 1399, 1639, 859]
[2094, 1800, 866, 287, 2388]
[2609, 1248, 1306, 171, 1122]
[2348, 1468, 2037, 115, 75]
[1144, 236, 1370, 1795, 130]
[690, 2115, 1418, 1898, 1158]
[751, 706, 2278, 2558, 2664]
[359, 93, 2609, 1108, 2096]
[2232, 1711, 1841, 1730, 209]
[2642, 1752, 995, 2636, 1854]
[63, 1447, 402, 646, 45]
[2152, 589, 2409, 903, 1080]
[1670, 615, 1677, 581, 184]
[1973, 1184, 1890, 1490, 91]
[297, 121, 660, 2261, 1566]
[2133, 2537, 1430, 1500, 393]
[1243, 2428, 349, 734, 306]
[2278, 68, 1535, 2664, 620]
[1262, 55, 427, 48, 1133]
[1365, 938, 2290, 1019, 572]
[2411, 1121, 1733, 2206, 1517]
[2291, 2299, 747, 724, 1010]
[1233, 716, 1348, 421, 2070]
[1500, 393, 1043, 2537, 1430]
[1933, 531, 1566, 1561, 256]
[1104, 1355, 54, 1864, 2558]
[1885, 2028, 2660, 347, 1337]
[1690, 12, 2373, 2134, 500]
[859, 392, 782, 1694, 249]
[2658, 1861, 237, 1832, 1772]
[1121, 162, 1578, 53, 758]
[680, 2178, 1942, 2150, 211]
[2094, 1458, 2388, 1219, 2500]
[876, 2425, 2187, 2321, 2309]
[1455, 2191, 2095, 1667, 1578]
[1657, 686, 127, 2361, 655]
[464, 580, 21, 710, 2152]
[1480, 2267, 1056, 2320, 1640]
[2240, 2008, 1654, 1168, 286]
[902, 135, 1973, 2499, 2170]
[2252, 1941, 1598, 546, 277]
[976, 1505, 2181, 830, 1300]
[2537, 2133, 1430, 1043, 935]
[870, 1399, 2548, 576, 114]
[1644, 1638, 790, 115, 75]
[2614, 996, 906, 768, 183]
[1768, 1307, 2008, 998, 1677]
[2515, 2073, 1747, 687, 967]
[2508, 1038, 1200, 1107, 1476]
[549, 2068, 1085, 136, 1292]
[2267, 1087, 339, 1191, 803]
[309, 2012, 2333, 1053, 115]
[1373, 1985, 1573, 335, 1065]
[2515, 2073, 1747, 687, 967]
[400, 2502, 2042, 17, 1624]
[2563, 1634, 2131, 65, 593]
[121, 297, 660, 2261, 2486]
[1059, 1353, 2672, 507, 1599]
[80, 1493, 2100, 331, 316]
[334, 1423, 839, 2399, 108]
[115, 757, 1294, 836, 1633]
[1248, 856, 2210, 2428, 1235]
[347, 2028, 1885, 1283, 2610]
[1072, 1330, 303, 1164, 1213]
[257, 1529, 166, 1286, 1318]
[1907, 1558, 45, 610, 2571]
[1176, 2486, 349, 1619, 2272]
[1571, 634, 805, 188, 1419]
[484, 1876, 1444, 1522, 2282]
[2199, 1557, 17, 1624, 836]
[2149, 1785, 1869, 1253, 1709]
[786, 1912, 805, 1128, 2573]
[2616, 415, 916, 1386, 1370]
[2130, 973, 1656, 1788, 211]
[1043, 393, 1500, 1622, 281]
[2081, 309, 221, 2073, 2119]
[506, 2638, 572, 616, 1470]
[2605, 1869, 763, 1633, 2517]
[935, 895, 1515, 113, 1286]
[2529, 1510, 240, 2279, 106]
[2367, 390, 810, 153, 2378]
[2599, 46, 969, 996, 142]
[2005, 1787, 933, 2500, 854]
[1761, 1421, 1177, 1665, 1765]
[2662, 625, 839, 1637, 678]
[1713, 798, 1092, 2194, 335]
[1118, 1532, 1274, 1485, 992]
[1986, 1196, 924, 1269, 1597]
[2192, 638, 1923, 1070, 2469]
[1495, 677, 2064, 652, 2509]
[1768, 976, 2455, 1912, 687]
[1328, 1370, 2320, 1677, 38]
[1369, 2407, 1133, 942, 503]
[864, 427, 823, 2060, 2274]
[1993, 471, 1538, 177, 2542]
[430, 1497, 1942, 107, 782]
[572, 515, 2556, 1261, 1489]
[1216, 885, 185, 1251, 93]
[1499, 2504, 358, 2559, 2437]
[1591, 545, 1779, 1717, 2199]
[493, 559, 2127, 2078, 878]
[1374, 210, 645, 2347, 2250]
[300, 2222, 1280, 1104, 117]
[938, 2083, 1864, 2290, 2638]
[1098, 960, 1945, 2553, 2461]
[1304, 1269, 946, 1106, 1815]
[132, 2435, 1930, 1733, 896]
[534, 807, 1760, 369, 216]
[2598, 1821, 2464, 2483, 360]
[1673, 623, 2409, 589, 1666]
[969, 703, 442, 31, 426]
[1089, 282, 107, 2514, 617]
[1134, 1836, 2501, 1, 1553]
[2007, 1944, 1191, 1135, 145]
[2665, 2377, 2029, 1693, 2180]
[702, 845, 2537, 2133, 1430]
[559, 1797, 1386, 1962, 2078]
[1605, 1809, 1634, 287, 269]
[1318, 516, 310, 1471, 2179]
[763, 104, 2620, 1855, 53]
[715, 2651, 591, 797, 1338]
[1409, 764, 2295, 1611, 1185]
[940, 216, 347, 1098, 218]
[524, 349, 2410, 1008, 1158]
[1633, 460, 529, 2087, 2460]
[1121, 2192, 1095, 895, 543]
[92, 1949, 2429, 1185, 2666]
[580, 2350, 648, 819, 531]
[1416, 135, 1791, 2592, 1239]
[1941, 1598, 1901, 1731, 1840]
[2008, 309, 752, 1695, 1307]
[2642, 1251, 2472, 2636, 1535]
[2038, 2486, 1, 1046, 385]
[112, 1370, 1291, 998, 1744]
[392, 1531, 1599, 72, 2568]
[2183, 783, 1728, 1291, 2641]
[2151, 988, 207, 2118, 764]
[2124, 451, 1064, 1204, 489]
[1895, 2068, 1399, 833, 2178]
[1085, 1077, 322, 1845, 1853]
[2602, 1824, 1074, 2679, 1133]
[1002, 1542, 170, 2527, 63]
[2039, 1824, 421, 1344, 1588]
[2391, 750, 1250, 2354, 534]
[515, 605, 2284, 395, 1597]
[522, 140, 1125, 654, 1957]
[486, 1045, 2005, 737, 198]
[1959, 1499, 385, 1813, 1159]
[921, 334, 1742, 1651, 1796]
[2129, 2136, 2294, 523, 2309]
[1633, 805, 2333, 1053, 2096]
[2571, 786, 1542, 805, 2361]
[2117, 1070, 2212, 3, 2489]
[2633, 443, 2034, 242, 1212]
[2278, 1672, 545, 68, 781]
[1269, 1154, 1922, 6, 1986]
[1609, 958, 1624, 1557, 17]
[1774, 1814, 2345, 2071, 1591]
