[2041, 2338, 26, 540, 573]
[2590, 1017, 856, 1821, 2599]
[463, 621, 632, 1223, 2426]
[1419, 228, 936, 1817, 50]
[2615, 181, 1951, 1892, 15]
[2358, 1756, 2163, 248, 1774]
[1099, 223, 2099, 1981, 1519]
[2138, 1242, 2654, 21, 709]
[1196, 1964, 796, 56, 712]
[1317, 698, 1833, 2652, 568]
[1959, 279, 1248, 614, 1188]
[149, 847, 1829, 2687, 986]
[1626, 943, 2138, 1387, 2324]
[2063, 1697, 1637, 138, 1237]
[1966, 2267, 400, 688, 1231]
[922, 45, 2365, 1105, 2012]
[2300, 1903, 568, 247, 2630]
[1894, 1526, 1990, 597, 1443]
[618, 1902, 682, 2192, 1759]
[210, 1229, 55, 1620, 749]
[305, 1923, 2305, 266, 1836]
[185, 1545, 698, 256, 1541]
[182, 2555, 2377, 2310, 401]
[1851, 2673, 117, 239, 70]
[169, 1303, 1429, 2173, 945]
[300, 2056, 1955, 2384, 251]
[1194, 2549, 2046, 2013, 346]
[2600, 1256, 1456, 518, 944]
[462, 535, 2235, 2446, 729]
[2345, 246, 2367, 2439, 1869]
[2225, 12, 173, 1384, 988]
[1171, 1068, 2488, 1908, 1651]
[1239, 2279, 1053, 512, 1825]
[2198, 547, 2587, 329, 2497]
[1278, 1716, 617, 2040, 1134]
[1813, 750, 2395, 549, 461]
[2642, 2143, 2185, 910, 433]
[326, 2594, 1565, 493, 717]
[1397, 1520, 2688, 1248, 1348]
[2265, 618, 2131, 1651, 505]
[1467, 1665, 1487, 885, 719]
[2219, 1718, 2026, 283, 412]
[2069, 670, 2516, 1210, 1058]
[605, 8, 1962, 424, 2025]
[2088, 429, 1094, 652, 2071]
[2677, 184, 1682, 2053, 1874]
[1609, 2324, 1191, 2136, 1867]
[1878, 2373, 2146, 130, 1004]
[2217, 973, 2191, 541, 727]
[321, 2233, 1046, 444, 196]
[77, 1799, 581, 1353, 1687]
[2676, 2666, 2445, 1639, 2147]
[1209, 802, 916, 2358, 749]
[1649, 220, 630, 1185, 1163]
[1019, 733, 1494, 2392, 562]
[1803, 835, 163, 754, 876]
[1160, 806, 464, 2200, 459]
[1877, 1509, 1453, 2300, 1247]
[1296, 308, 1398, 1209, 558]
[287, 871, 1962, 285, 1878]
[1527, 286, 812, 1308, 1115]
[1627, 1758, 1537, 127, 748]
[1442, 2355, 2173, 1508, 749]
[1572, 336, 2167, 1093, 2442]
[105, 909, 2111, 554, 166]
[102, 1565, 2310, 2576, 2677]
[980, 728, 2494, 552, 776]
[316, 3, 1878, 1145, 537]
[1793, 138, 2613, 1715, 394]
[693, 1092, 2248, 1555, 1055]
[1244, 2463, 1923, 218, 1414]
[1607, 614, 1735, 1873, 361]
[1163, 1845, 1832, 233, 163]
[430, 442, 1892, 402, 1905]
[675, 1963, 2463, 2181, 1954]
[618, 2222, 1599, 1914, 1518]
[167, 768, 189, 1958, 1436]
[669, 1364, 1438, 318, 826]
[2119, 2657, 2566, 1185, 2366]
[994, 104, 2633, 2122, 1774]
[174, 1831, 2383, 1268, 530]
[807, 2549, 626, 1709, 445]
[681, 911, 626, 443, 1196]
[2524, 240, 151, 1293, 594]
[1461, 1682, 917, 1096, 1418]
[11, 2342, 775, 17, 771]
[2022, 1036, 1847, 1246, 2608]
[1703, 665, 11, 1837, 506]
[1558, 2633, 1596, 2213, 1219]
[1556, 2153, 694, 1284, 976]
[520, 1790, 1704, 2492, 206]
[244, 811, 1309, 795, 489]
[793, 754, 1505, 547, 1590]
[1917, 894, 920, 1918, 628]
[1673, 539, 1745, 895, 961]
[2410, 2611, 778, 741, 1349]
[2689, 598, 213, 2075, 2670]
[812, 1394, 988, 627, 757]
[2550, 1350, 1318, 1919, 1733]
[109, 1834, 2139, 2207, 730]
[1194, 2139, 1513, 714, 533]
[2659, 2078, 2656, 119, 856]
[2526, 969, 310, 282, 143]
[1421, 2001, 1531, 1867, 2529]
[1412, 2513, 630, 1509, 1561]
[205, 2074, 2009, 801, 847]
[728, 166, 2203, 2504, 2455]
[1936, 769, 2566, 2340, 1899]
[13, 2225, 1311, 901, 1340]
[2556, 1409, 2250, 2603, 45]
[2684, 1088, 1000, 2149, 904]
[2395, 781, 2157, 394, 2285]
[1410, 912, 1573, 2150, 2511]
[1354, 2097, 1647, 2194, 2680]
[2493, 2360, 943, 2600, 2298]
[1973, 987, 2383, 1427, 635]
[1367, 2045, 832, 1911, 1229]
[1879, 233, 1955, 1679, 2476]
[765, 498, 1508, 506, 375]
[452, 1887, 470, 1006, 939]
[670, 2512, 1998, 1479, 186]
[465, 1632, 1325, 670, 1837]
[755, 2179, 2554, 1536, 2687]
[2315, 2030, 228, 1415, 1196]
[756, 646, 1620, 2251, 1395]
[1586, 814, 581, 402, 1135]
[1283, 1626, 1509, 941, 2632]
[806, 340, 1432, 1553, 1915]
[873, 1626, 1041, 1129, 2502]
[1562, 2235, 365, 1242, 851]
[2195, 2128, 1199, 1632, 228]
[2633, 2241, 842, 386, 1363]
[229, 1239, 2655, 257, 2177]
[1282, 368, 1778, 2572, 2105]
[1570, 638, 47, 2343, 2147]
[750, 2147, 838, 1988, 1651]
[2204, 2156, 646, 152, 2547]
[494, 1580, 2659, 2620, 2593]
[2275, 1060, 1823, 467, 2364]
[2319, 493, 2051, 1308, 541]
[460, 1031, 1349, 1805, 286]
[1881, 1320, 2233, 1708, 1254]
[432, 957, 1127, 1108, 1811]
[407, 1854, 2119, 398, 1906]
[1861, 2257, 2613, 2444, 1683]
[2371, 739, 1345, 2487, 206]
[475, 202, 70, 845, 161]
[698, 1134, 744, 1797, 435]
[2530, 2184, 1498, 2338, 2399]
[875, 1016, 1647, 609, 1281]
[1711, 715, 1325, 2640, 403]
[1713, 1491, 74, 2130, 366]
[974, 2427, 2229, 534, 1515]
[1821, 1669, 1258, 1168, 1473]
[1722, 860, 673, 549, 511]
[2505, 2010, 920, 657, 67]
[2077, 1627, 118, 2106, 1469]
[112, 231, 970, 1072, 1394]
[2207, 234, 2046, 579, 2387]
[1783, 1382, 2674, 796, 916]
[2562, 293, 370, 532, 760]
[1679, 1695, 1375, 62, 1531]
[2221, 1510, 2314, 1961, 1224]
[72, 434, 875, 2687, 712]
[732, 2590, 2470, 1667, 1753]
[799, 13, 1407, 1321, 2155]
[177, 1943, 2205, 1830, 1979]
[1163, 2388, 166, 97, 1614]
[1198, 61, 303, 2046, 1197]
[480, 1511, 992, 372, 2171]
[1103, 562, 841, 722, 2150]
[2643, 182, 1715, 1747, 1945]
[722, 1779, 628, 1726, 1257]
[244, 2411, 112, 1739, 171]
[2089, 872, 2445, 1238, 290]
[731, 1286, 488, 2583, 93]
[1986, 1726, 1213, 2123, 2051]
[1260, 1479, 1555, 2047, 2192]
[2462, 1047, 2482, 1711, 1274]
[1487, 1136, 2662, 2166, 2459]
[2115, 219, 1665, 5, 2400]
[318, 2652, 10, 628, 599]
[2640, 2521, 1062, 404, 1591]
[2580, 2309, 1267, 171, 715]
[2247, 1373, 539, 1394, 630]
[1660, 1752, 967, 2472, 1836]
[226, 1328, 2623, 2605, 2395]
[1230, 2179, 1079, 293, 300]
[52, 1177, 159, 2518, 1259]
[2224, 1635, 131, 914, 123]
[1696, 2231, 2166, 2082, 2163]
[2448, 1459, 1411, 6, 2009]
[428, 8, 23, 871, 172]
[1160, 1128, 1217, 118, 1889]
[1868, 880, 319, 2468, 499]
[2333, 176, 479, 2351, 2629]
[1144, 436, 1267, 2505, 2298]
[262, 329, 2031, 65, 184]
[1426, 898, 1527, 594, 1232]
[1137, 2245, 23, 725, 242]
[494, 1386, 2637, 926, 1184]
[606, 30, 585, 1625, 835]
[734, 2037, 569, 2569, 724]
[598, 627, 2237, 559, 1751]
[1339, 39, 1558, 909, 1796]
[1707, 1994, 1573, 896, 2403]
[2158, 2050, 1538, 2262, 2417]
[2420, 634, 380, 1645, 959]
[306, 2127, 525, 1748, 475]
[2326, 2074, 2140, 989, 1376]
[2533, 1786, 1091, 812, 2677]
[172, 2675, 337, 1189, 1824]
[399, 2678, 2244, 328, 1462]
[1652, 2605, 159, 1662, 1432]
[1588, 324, 1977, 2568, 314]
[1583, 1379, 347, 408, 2313]
[1968, 1840, 2632, 1207, 1742]
[2015, 948, 419, 813, 2526]
[2677, 298, 633, 2177, 1763]
[1870, 1814, 448, 2172, 1783]
[1272, 1002, 1702, 1574, 446]
[986, 2304, 400, 1377, 997]
[2306, 2043, 1574, 114, 2170]
[1152, 2641, 2096, 2424, 1699]
[205, 1302, 633, 1959, 2666]
[2336, 685, 2589, 955, 1135]
[1826, 1058, 629, 1697, 1311]
[895, 1022, 2536, 508, 1280]
[416, 2414, 2638, 1121, 216]
[2177, 1183, 1812, 2235, 1269]
[2080, 2075, 710, 492, 2208]
[1655, 623, 715, 586, 704]
[1939, 2224, 1942, 2287, 311]
[455, 1038, 1306, 2097, 1459]
[721, 154, 1217, 789, 2508]
[1760, 2149, 777, 1139, 2555]
[1309, 1868, 1677, 1243, 569]
[544, 2614, 1880, 1437, 842]
[144, 640, 2510, 65, 2507]
[306, 70, 2281, 1916, 2167]
[2646, 931, 1532, 269, 2595]
[464, 1297, 957, 465, 499]
[2002, 938, 1264, 727, 2627]
[1827, 1839, 200, 90, 516]
[2258, 1169, 1718, 1668, 439]
[261, 1710, 2541, 1707, 941]
[791, 2336, 649, 7, 2680]
[1506, 1211, 364, 1250, 2448]
[1368, 1419, 860, 987, 747]
[832, 1538, 1992, 851, 1817]
[1763, 2548, 2684, 1063, 147]
[1318, 668, 2623, 1255, 665]
[2162, 696, 2125, 233, 1926]
[1038, 993, 39, 1815, 301]
[6, 2523, 2207, 2489, 1242]
[2576, 1119, 2428, 845, 2227]
[1953, 2216, 2638, 2530, 2683]
[1421, 1109, 1935, 1792, 2133]
[486, 784, 613, 1707, 422]
[415, 636, 1051, 1746, 408]
[1927, 1141, 415, 1847, 1737]
[1044, 385, 954, 159, 1311]
[434, 1363, 1054, 293, 107]
[809, 89, 1821, 1406, 421]
[1420, 2108, 152, 1019, 311]
[1036, 718, 1445, 540, 949]
[732, 1205, 1199, 2210, 360]
[1625, 350, 2391, 857, 543]
[1194, 68, 1077, 2380, 2192]
[1855, 613, 1607, 1484, 911]
[1285, 690, 1661, 1838, 1800]
[39, 1552, 2063, 2683, 1787]
[389, 123, 1093, 74, 2177]
[1218, 2254, 2555, 624, 856]
[470, 2117, 1513, 1554, 754]
[2464, 2471, 2031, 866, 1154]
[992, 54, 613, 2301, 2007]
[300, 2434, 762, 1408, 2228]
[1260, 1160, 2367, 631, 1087]
[2341, 2102, 111, 715, 684]
[2556, 1981, 534, 221, 622]
[817, 412, 1517, 1161, 523]
[1269, 170, 1877, 410, 1139]
[1518, 2028, 1445, 326, 1561]
[2257, 256, 2304, 1061, 2668]
[1542, 1419, 1274, 535, 334]
[1646, 1988, 628, 2479, 1681]
[1212, 1291, 363, 724, 105]
[455, 1037, 2323, 1604, 947]
[1965, 872, 2549, 1191, 780]
[1944, 1476, 165, 171, 2407]
[698, 1726, 1867, 1468, 2016]
[1423, 1966, 2276, 1271, 2674]
[219, 2570, 838, 2048, 829]
[398, 832, 2143, 557, 2101]
[448, 1688, 1148, 1912, 2031]
[1502, 1038, 126, 1696, 726]
[543, 1194, 1078, 2111, 1036]
[1268, 1832, 2686, 337, 2561]
