[670, 378, 1043, 651, 568]
[1009, 2538, 2380, 1741, 1976]
[827, 562, 1009, 1480, 565]
[1827, 2038, 185, 2186, 739]
[1422, 411, 2218, 500, 2174]
[342, 2419, 706, 660, 1647]
[1628, 134, 1136, 801, 556]
[900, 652, 2043, 763, 949]
[1392, 1740, 2419, 2507, 655]
[2481, 1296, 1669, 2663, 616]
[2204, 2179, 1563, 1667, 597]
[634, 1742, 737, 145, 2552]
[664, 2639, 330, 825, 2262]
[768, 393, 1229, 1054, 1750]
[1373, 2474, 2052, 980, 2188]
[698, 1899, 330, 1509, 395]
[2306, 2235, 714, 1649, 2056]
[634, 1950, 2585, 2358, 1988]
[52, 1392, 346, 537, 187]
[1052, 248, 427, 2024, 2320]
[1956, 1631, 563, 889, 2065]
[709, 1277, 1296, 1979, 205]
[636, 51, 790, 1807, 1889]
[1144, 2278, 1599, 2318, 287]
[1985, 1727, 196, 2324, 1621]
[2207, 234, 2046, 579, 2387]
[864, 2658, 1932, 2300, 691]
[231, 375, 347, 1478, 692]
[2551, 1046, 1468, 2670, 2171]
[2367, 198, 1447, 1269, 1664]
[1187, 342, 69, 2424, 1256]
[964, 272, 905, 517, 907]
[2365, 1259, 1223, 2400, 513]
[1980, 563, 926, 809, 2030]
[2527, 2604, 873, 1502, 483]
[2174, 1161, 404, 113, 517]
[1272, 2452, 1697, 1684, 2502]
[119, 63, 2544, 615, 2116]
[814, 2388, 473, 690, 1318]
[1009, 2272, 1563, 1721, 549]
[2398, 1852, 255, 975, 1959]
[1147, 1572, 55, 2517, 2532]
[1238, 2494, 2098, 2535, 2464]
[986, 2304, 400, 1377, 997]
[781, 396, 542, 904, 1715]
[2345, 2249, 1519, 1455, 1420]
[2148, 29, 1448, 1805, 61]
[659, 2203, 2016, 87, 1664]
[979, 1107, 1876, 626, 783]
[1606, 1958, 1286, 1981, 2141]
[2335, 2309, 2196, 1326, 2061]
[1705, 1156, 2601, 2417, 62]
[1423, 368, 1964, 57, 1406]
[461, 2286, 907, 1162, 1256]
[836, 2553, 1232, 253, 968]
[58, 1132, 1624, 1618, 186]
[2689, 902, 2350, 925, 896]
[1222, 2571, 485, 1835, 1110]
[2591, 1296, 1913, 867, 1163]
[259, 1217, 1, 544, 808]
[1899, 1380, 1318, 353, 2143]
[99, 999, 1919, 2165, 1163]
[2065, 433, 785, 1465, 121]
[1766, 1206, 469, 2389, 639]
[2475, 1263, 2524, 2150, 664]
[1558, 2633, 1596, 2213, 1219]
[169, 2143, 1284, 2547, 1957]
[887, 1400, 2129, 2010, 498]
[1935, 1009, 447, 459, 498]
[1001, 1971, 1837, 1816, 923]
[2342, 1188, 1458, 2499, 1272]
[998, 80, 324, 1013, 2430]
[1334, 1080, 1446, 1298, 163]
[297, 1918, 2089, 661, 270]
[135, 1364, 2343, 1998, 1321]
[1825, 1918, 1113, 1724, 290]
[1646, 1988, 628, 2479, 1681]
[1689, 638, 1670, 254, 700]
[1535, 2052, 1027, 1679, 1392]
[2688, 1883, 2311, 2548, 1912]
[494, 340, 1482, 757, 302]
[1461, 1682, 917, 1096, 1418]
[1532, 2250, 1914, 1062, 2345]
[773, 625, 1875, 2023, 101]
[871, 2024, 1693, 1192, 214]
[520, 640, 2619, 1977, 1732]
[706, 713, 2004, 1029, 735]
[494, 1580, 2659, 2620, 2593]
[1877, 1098, 2485, 251, 2561]
[804, 328, 1538, 1119, 204]
[2617, 914, 1743, 675, 224]
[1780, 2423, 1469, 1175, 1916]
[859, 234, 181, 840, 1411]
[1618, 941, 820, 2540, 2186]
[2022, 49, 345, 2098, 208]
[1531, 1927, 1811, 803, 1269]
[903, 419, 247, 1713, 2308]
[1239, 2279, 1053, 512, 1825]
[443, 1943, 891, 1404, 1952]
[464, 1297, 957, 465, 499]
[1732, 1857, 60, 1374, 2660]
[1134, 863, 631, 357, 1469]
[1296, 2509, 1543, 645, 2241]
[1113, 1223, 1172, 1952, 2188]
[1577, 1722, 165, 1060, 2094]
[1106, 97, 2653, 1104, 2501]
[1343, 2376, 541, 1886, 1884]
[1414, 2064, 1907, 1634, 77]
[398, 832, 2143, 557, 2101]
[457, 716, 1513, 802, 1454]
[148, 772, 1173, 2, 65]
[2556, 1409, 2250, 2603, 45]
[785, 907, 251, 2655, 110]
[1434, 1452, 1477, 2669, 944]
[1599, 1038, 1569, 867, 1092]
[858, 2686, 2531, 601, 383]
[1045, 258, 77, 202, 1054]
[85, 559, 2164, 1077, 1867]
[2350, 1780, 1257, 2146, 21]
[1421, 2001, 1531, 1867, 2529]
[2556, 935, 1534, 390, 341]
[1110, 2387, 2474, 1139, 2447]
[2395, 781, 2157, 394, 2285]
[374, 2066, 830, 2397, 148]
[1214, 514, 54, 959, 2455]
[2129, 1742, 1119, 1802, 2651]
[1368, 2262, 2634, 1676, 532]
[1244, 2463, 1923, 218, 1414]
[387, 66, 1955, 2415, 1349]
[430, 442, 1892, 402, 1905]
[167, 1663, 1711, 2419, 1970]
[974, 464, 1591, 624, 1386]
[2186, 1817, 916, 950, 2600]
[416, 1158, 2050, 2675, 1499]
[1157, 1487, 1086, 1766, 52]
[1309, 1868, 1677, 1243, 569]
[1469, 924, 1460, 1848, 2534]
[140, 2649, 1181, 2496, 1286]
[2114, 243, 1337, 185, 1618]
[2409, 145, 857, 128, 1358]
[1463, 1151, 935, 2586, 1405]
[3, 575, 1584, 1520, 2073]
[596, 1882, 1863, 715, 1609]
[2422, 2264, 540, 1182, 1280]
[2545, 408, 2683, 890, 865]
[2038, 415, 1751, 1147, 2336]
[950, 1065, 694, 464, 474]
[1634, 1293, 978, 392, 1582]
[2654, 1216, 343, 2502, 1240]
[2556, 1981, 534, 221, 622]
[206, 832, 882, 1704, 1737]
[480, 1205, 1273, 46, 2212]
[869, 803, 1674, 872, 1826]
[768, 2045, 653, 1858, 2340]
[1561, 724, 1852, 512, 143]
[815, 1133, 1460, 2111, 438]
[1078, 1459, 1675, 308, 1630]
[839, 1259, 763, 1001, 380]
[859, 913, 1639, 708, 434]
[1745, 1950, 4, 1393, 2605]
[817, 2211, 2229, 856, 1371]
[26, 952, 1552, 2303, 1618]
[2106, 2017, 2230, 636, 1360]
[2515, 127, 987, 604, 1304]
[1164, 587, 259, 1110, 569]
[843, 1627, 2659, 872, 969]
[2398, 1118, 1502, 1050, 2128]
[306, 475, 1672, 1915, 1701]
[2277, 102, 1284, 1080, 486]
[1420, 2108, 152, 1019, 311]
[2619, 456, 102, 1126, 1003]
[2529, 1509, 313, 1456, 524]
[1291, 1503, 1411, 345, 1998]
[782, 349, 104, 1632, 2074]
[2449, 1183, 1869, 2408, 463]
[71, 1063, 2608, 1927, 2216]
[1094, 1523, 1455, 108, 1031]
[1630, 219, 248, 1274, 2546]
[1087, 1223, 1042, 1709, 2644]
[1732, 829, 481, 1986, 697]
[13, 2225, 1311, 901, 1340]
[2687, 2445, 198, 2161, 49]
[25, 996, 1291, 2100, 927]
[1036, 285, 290, 156, 2032]
[873, 1626, 1041, 1129, 2502]
[187, 228, 2468, 2643, 1098]
[276, 420, 1980, 213, 1891]
[419, 1059, 2644, 2436, 1498]
[316, 1295, 440, 227, 2673]
[2244, 495, 2231, 2532, 607]
[2293, 4, 1092, 2238, 665]
[1764, 2669, 339, 2523, 2268]
[1272, 1216, 1875, 377, 1338]
[2183, 521, 113, 1653, 2570]
[370, 613, 1340, 1778, 2027]
[357, 893, 2391, 1629, 2562]
[1770, 1635, 1747, 2546, 2624]
[237, 1229, 314, 2318, 731]
[1116, 2448, 2410, 1777, 2060]
[759, 2319, 603, 2277, 1123]
[620, 1348, 794, 1185, 1210]
[1584, 2659, 2238, 1736, 652]
[2025, 744, 2280, 887, 1313]
[560, 2255, 228, 1088, 346]
[2521, 352, 2234, 1440, 779]
[839, 476, 934, 1868, 723]
[515, 1176, 1928, 286, 1849]
[2471, 1809, 115, 1352, 970]
[686, 964, 1841, 2574, 2550]
[1054, 2490, 1803, 1706, 816]
[1046, 2129, 2558, 717, 2274]
[407, 1854, 2119, 398, 1906]
[1818, 961, 212, 2348, 2059]
[263, 2278, 613, 2622, 1280]
[972, 2587, 740, 228, 2395]
[876, 810, 354, 394, 2606]
[463, 2483, 2409, 164, 391]
[375, 808, 1054, 1563, 476]
[670, 2512, 1998, 1479, 186]
[1566, 580, 1468, 1473, 1348]
[1097, 1141, 655, 860, 252]
[1282, 2188, 1673, 1912, 1405]
[2211, 62, 542, 668, 86]
[2340, 2539, 719, 1215, 1556]
[2258, 332, 531, 1049, 273]
[2612, 2091, 1231, 1213, 2131]
[1492, 1854, 2662, 1164, 530]
[2548, 2204, 1409, 1776, 1050]
[2608, 1208, 1347, 1198, 1512]
[2256, 2361, 505, 1708, 609]
[1602, 2063, 2296, 2090, 114]
[437, 2522, 2670, 2159, 1011]
[833, 1701, 1264, 2618, 697]
[1410, 912, 1573, 2150, 2511]
[1707, 67, 2194, 1096, 1424]
[2653, 120, 1750, 947, 2252]
[304, 2005, 889, 2248, 1198]
[1847, 2411, 1934, 19, 1221]
[2518, 1987, 1608, 1740, 1442]
[926, 1212, 35, 1756, 2543]
[1775, 124, 718, 153, 2236]
[2055, 165, 1087, 1191, 1070]
[465, 724, 2046, 1233, 2400]
[1047, 2255, 566, 554, 9]
[184, 2379, 543, 2368, 2414]
[675, 1712, 2600, 1152, 1962]
[337, 574, 1225, 1141, 1735]
[483, 1326, 1891, 2638, 545]
[1890, 2157, 2368, 1919, 1047]
[874, 1141, 279, 538, 1056]
[1572, 336, 2167, 1093, 2442]
[1377, 1403, 220, 28, 1526]
[1590, 2258, 711, 183, 1194]
[1230, 2051, 417, 1916, 1259]
[1466, 449, 2589, 2678, 852]
[1271, 1830, 1782, 260, 485]
[675, 1963, 2463, 2181, 1954]
[5, 2422, 696, 1993, 622]
[1715, 314, 963, 1567, 614]
[2565, 2112, 1490, 2624, 2374]
[2517, 505, 1809, 415, 2679]
[2526, 969, 310, 282, 143]
[1135, 516, 508, 2158, 1874]
[589, 2151, 2370, 2174, 2026]
[553, 338, 1679, 931, 485]
[1287, 2525, 2554, 2122, 1466]
[2584, 952, 1937, 1454, 1556]
[2330, 945, 1787, 122, 1477]
[943, 1785, 1597, 2612, 2648]
[73, 1681, 558, 1072, 360]
[504, 2338, 2331, 1392, 700]
[353, 384, 1425, 2329, 2608]
[1228, 1180, 2428, 1651, 621]
[172, 2675, 337, 1189, 1824]
[483, 1206, 774, 1553, 199]
[2348, 2451, 306, 445, 1867]
[739, 488, 84, 2448, 2402]
[1896, 2511, 1529, 1094, 567]
[1662, 342, 334, 581, 2602]
[944, 190, 765, 1356, 1912]
[884, 1200, 1956, 1424, 1306]
[1480, 853, 886, 219, 1732]
[728, 166, 2203, 2504, 2455]
[2631, 188, 457, 417, 1464]
[1603, 1037, 2461, 1992, 1024]
[2023, 1839, 370, 2124, 2669]
[312, 1638, 163, 2410, 2403]
[814, 1498, 50, 1335, 1184]
[903, 2245, 1503, 646, 119]
[2251, 1724, 621, 955, 2255]
[206, 884, 1216, 1039, 2435]
[178, 756, 1881, 410, 2509]
[2353, 523, 2108, 1557, 1497]
[1012, 582, 74, 1392, 1996]
[5, 1297, 1476, 2493, 1112]
[2379, 1574, 817, 2187, 1302]
[2254, 725, 2072, 698, 2457]
[710, 1757, 22, 903, 527]
[2635, 2682, 2480, 2212, 1238]
